Testing decomposing function on tall matrix ...

A =
8 1 7 9 
2 6 3 8 
7 8 3 1 
0 0 8 7 
1 9 3 6 
6 8 0 7 

Making Q a copy of A:
Q =
8 1 7 9 
2 6 3 8 
7 8 3 1 
0 0 8 7 
1 9 3 6 
6 8 0 7 

After decomposition:
Q =
0.644658 -0.516011 0.272215 0.212742 
0.161165 0.373116 0.190512 0.392132 
0.564076 0.170681 -0.0974891 -0.757126 
0 0 0.834279 -0.0365539 
0.0805823 0.710508 0.243441 -0.0339267 
0.483494 0.246098 -0.353293 0.474601 

R =
12.4097 10.7174 6.93008 11.5233 
0 11.4515 0.150834 4.49724 
0 0 9.58912 8.70408 
0 0 0 7.15738 

QT*Q =
1 0 -8.32667e-17 2.77556e-16 
0 1 0 -1.52656e-16 
-8.32667e-17 0 1 -3.33067e-16 
2.77556e-16 -1.52656e-16 -3.33067e-16 1 

Q*R =
8 1 7 9 
2 6 3 8 
7 8 3 1 
0 0 8 7 
1 9 3 6 
6 8 0 7 

Solving linear system of equations ...

A =
8 1 7 9 2 6 
3 8 7 8 3 1 
0 0 8 7 1 9 
3 6 6 8 0 7 
3 8 4 7 3 5 
1 2 6 7 2 7 

b =
4
5
6
2
4
9

Q =
0.834058 -0.544207 -0.0217743 -0.0367053 0.0740977 0.0295767 
0.312772 0.53577 0.0782502 -0.690593 0.212812 -0.294607 
0 0 0.852821 -0.123768 -0.0131347 0.507154 
0.312772 0.341711 0.0713121 0.191421 -0.857076 -0.0953994 
0.312772 0.53577 -0.241558 0.415304 0.342921 0.516433 
0.104257 0.113904 0.450181 0.545248 0.311247 -0.615892 

R =
9.59166 7.92355 11.7811 15.4301 3.75326 9.80018 
0 10.3062 4.81771 6.6697 2.35401 3.13868 
0 0 9.38063 8.43064 1.21971 10.0657 
0 0 0 1.53377 0.0674495 5.20847 
0 0 0 0 2.42475 -1.56701 
0 0 0 0 0 2.05036 

x =
-2.10267
-1.47433
-2.60076
4.93975
0.918541
-0.965634

A*x =
4
5
6
2
4
9

