0 0 0 0 0
0.0628319 0.04 0.0627905 0.00125664 0.00197327
0.125664 0.08 0.125333 0.00502655 0.0078853
0.188496 0.12 0.187381 0.0113097 0.0177127
0.251327 0.16 0.24869 0.0201062 0.0314168
0.314159 0.2 0.309017 0.0314159 0.0489435
0.376991 0.24 0.368125 0.0452389 0.0702235
0.439823 0.28 0.425779 0.0615752 0.0951729
0.502655 0.32 0.481754 0.0804248 0.123693
0.565487 0.36 0.535827 0.101788 0.155672
0.628319 0.4 0.587785 0.125664 0.190983
0.69115 0.44 0.637424 0.152053 0.229487
0.753982 0.48 0.684547 0.180956 0.271031
0.816814 0.52 0.728969 0.212372 0.315453
0.879646 0.56 0.770513 0.246301 0.362576
0.942478 0.6 0.809017 0.282743 0.412215
1.00531 0.64 0.844328 0.321699 0.464173
1.06814 0.68 0.876307 0.363168 0.518246
1.13097 0.72 0.904827 0.40715 0.574221
1.19381 0.76 0.929776 0.453646 0.631875
1.25664 0.8 0.951057 0.502655 0.690983
1.31947 0.84 0.968583 0.554177 0.75131
1.3823 0.88 0.982287 0.608212 0.812619
1.44513 0.92 0.992115 0.664761 0.874667
1.50796 0.96 0.998027 0.723823 0.937209
1.5708 1 1 0.785398 1
1.63363 0.96 0.998027 0.846973 1.06279
1.69646 0.92 0.992115 0.906035 1.12533
1.75929 0.88 0.982287 0.962584 1.18738
1.82212 0.84 0.968583 1.01662 1.24869
1.88496 0.8 0.951057 1.06814 1.30902
1.94779 0.76 0.929776 1.11715 1.36812
2.01062 0.72 0.904827 1.16365 1.42578
2.07345 0.68 0.876307 1.20763 1.48175
2.13628 0.64 0.844328 1.2491 1.53583
2.19911 0.6 0.809017 1.28805 1.58779
2.26195 0.56 0.770513 1.3245 1.63742
2.32478 0.52 0.728969 1.35842 1.68455
2.38761 0.48 0.684547 1.38984 1.72897
2.45044 0.44 0.637424 1.41874 1.77051
2.51327 0.4 0.587785 1.44513 1.80902
2.57611 0.36 0.535827 1.46901 1.84433
2.63894 0.32 0.481754 1.49037 1.87631
2.70177 0.28 0.425779 1.50922 1.90483
2.7646 0.24 0.368125 1.52556 1.92978
2.82743 0.2 0.309017 1.53938 1.95106
2.89027 0.16 0.24869 1.55069 1.96858
2.9531 0.12 0.187381 1.55949 1.98229
3.01593 0.08 0.125333 1.56577 1.99211
3.07876 0.04 0.0627905 1.56954 1.99803
3.14159 -1.57383e-15 -2.54207e-15 1.5708 2
3.20442 -0.04 -0.0627905 1.56954 1.99803
3.26726 -0.08 -0.125333 1.56577 1.99211
3.33009 -0.12 -0.187381 1.55949 1.98229
3.39292 -0.16 -0.24869 1.55069 1.96858
3.45575 -0.2 -0.309017 1.53938 1.95106
3.51858 -0.24 -0.368125 1.52556 1.92978
3.58142 -0.28 -0.425779 1.50922 1.90483
3.64425 -0.32 -0.481754 1.49037 1.87631
3.70708 -0.36 -0.535827 1.46901 1.84433
3.76991 -0.4 -0.587785 1.44513 1.80902
3.83274 -0.44 -0.637424 1.41874 1.77051
3.89557 -0.48 -0.684547 1.38984 1.72897
3.95841 -0.52 -0.728969 1.35842 1.68455
4.02124 -0.56 -0.770513 1.3245 1.63742
4.08407 -0.6 -0.809017 1.28805 1.58779
4.1469 -0.64 -0.844328 1.2491 1.53583
4.20973 -0.68 -0.876307 1.20763 1.48175
4.27257 -0.72 -0.904827 1.16365 1.42578
4.3354 -0.76 -0.929776 1.11715 1.36812
4.39823 -0.8 -0.951057 1.06814 1.30902
4.46106 -0.84 -0.968583 1.01662 1.24869
4.52389 -0.88 -0.982287 0.962584 1.18738
4.58673 -0.92 -0.992115 0.906035 1.12533
4.64956 -0.96 -0.998027 0.846973 1.06279
4.71239 -1 -1 0.785398 1
4.77522 -0.96 -0.998027 0.723823 0.937209
4.83805 -0.92 -0.992115 0.664761 0.874667
4.90088 -0.88 -0.982287 0.608212 0.812619
4.96372 -0.84 -0.968583 0.554177 0.75131
5.02655 -0.8 -0.951057 0.502655 0.690983
5.08938 -0.76 -0.929776 0.453646 0.631875
5.15221 -0.72 -0.904827 0.40715 0.574221
5.21504 -0.68 -0.876307 0.363168 0.518246
5.27788 -0.64 -0.844328 0.321699 0.464173
5.34071 -0.6 -0.809017 0.282743 0.412215
5.40354 -0.56 -0.770513 0.246301 0.362576
5.46637 -0.52 -0.728969 0.212372 0.315453
5.5292 -0.48 -0.684547 0.180956 0.271031
5.59203 -0.44 -0.637424 0.152053 0.229487
5.65487 -0.4 -0.587785 0.125664 0.190983
5.7177 -0.36 -0.535827 0.101788 0.155672
5.78053 -0.32 -0.481754 0.0804248 0.123693
5.84336 -0.28 -0.425779 0.0615752 0.0951729
5.90619 -0.24 -0.368125 0.0452389 0.0702235
5.96903 -0.2 -0.309017 0.0314159 0.0489435
6.03186 -0.16 -0.24869 0.0201062 0.0314168
6.09469 -0.12 -0.187381 0.0113097 0.0177127
6.15752 -0.08 -0.125333 0.00502655 0.0078853
6.22035 -0.04 -0.0627905 0.00125664 0.00197327
6.28319 -5.77316e-15 -9.12671e-15 -4.44089e-16 0


0 2.11962e-15 0 1.27324 1 0 0
0.0628319 0.0784 0.0627905 1.22231 0.998027 0.00247976 0.00197327
0.125664 0.1536 0.125333 1.17138 0.992115 0.00978501 0.0078853
0.188496 0.2256 0.187381 1.12045 0.982287 0.0217147 0.0177127
0.251327 0.2944 0.24869 1.06952 0.968583 0.0380677 0.0314168
0.314159 0.36 0.309017 1.01859 0.951057 0.0586431 0.0489435
0.376991 0.4224 0.368125 0.967662 0.929776 0.0832396 0.0702235
0.439823 0.4816 0.425779 0.916732 0.904827 0.111656 0.0951729
0.502655 0.5376 0.481754 0.865803 0.876307 0.143692 0.123693
0.565487 0.5904 0.535827 0.814873 0.844328 0.179146 0.155672
0.628319 0.64 0.587785 0.763944 0.809017 0.217817 0.190983
0.69115 0.6864 0.637424 0.713014 0.770513 0.259504 0.229487
0.753982 0.7296 0.684547 0.662085 0.728969 0.304006 0.271031
0.816814 0.7696 0.728969 0.611155 0.684547 0.351121 0.315453
0.879646 0.8064 0.770513 0.560225 0.637424 0.400649 0.362576
0.942478 0.84 0.809017 0.509296 0.587785 0.452389 0.412215
1.00531 0.8704 0.844328 0.458366 0.535827 0.50614 0.464173
1.06814 0.8976 0.876307 0.407437 0.481754 0.5617 0.518246
1.13097 0.9216 0.904827 0.356507 0.425779 0.618869 0.574221
1.19381 0.9424 0.929776 0.305577 0.368125 0.677445 0.631875
1.25664 0.96 0.951057 0.254648 0.309017 0.737227 0.690983
1.31947 0.9744 0.968583 0.203718 0.24869 0.798015 0.75131
1.3823 0.9856 0.982287 0.152789 0.187381 0.859607 0.812619
1.44513 0.9936 0.992115 0.101859 0.125333 0.921802 0.874667
1.50796 0.9984 0.998027 0.0509296 0.0627905 0.984399 0.937209
1.5708 1 1 -3.9968e-15 -6.04901e-16 1.0472 1
1.63363 0.9984 0.998027 -0.0509296 -0.0627905 1.11 1.06279
1.69646 0.9936 0.992115 -0.101859 -0.125333 1.17259 1.12533
1.75929 0.9856 0.982287 -0.152789 -0.187381 1.23479 1.18738
1.82212 0.9744 0.968583 -0.203718 -0.24869 1.29638 1.24869
1.88496 0.96 0.951057 -0.254648 -0.309017 1.35717 1.30902
1.94779 0.9424 0.929776 -0.305577 -0.368125 1.41695 1.36812
2.01062 0.9216 0.904827 -0.356507 -0.425779 1.47553 1.42578
2.07345 0.8976 0.876307 -0.407437 -0.481754 1.5327 1.48175
2.13628 0.8704 0.844328 -0.458366 -0.535827 1.58826 1.53583
2.19911 0.84 0.809017 -0.509296 -0.587785 1.64201 1.58779
2.26195 0.8064 0.770513 -0.560225 -0.637424 1.69375 1.63742
2.32478 0.7696 0.728969 -0.611155 -0.684547 1.74327 1.68455
2.38761 0.7296 0.684547 -0.662085 -0.728969 1.79039 1.72897
2.45044 0.6864 0.637424 -0.713014 -0.770513 1.83489 1.77051
2.51327 0.64 0.587785 -0.763944 -0.809017 1.87658 1.80902
2.57611 0.5904 0.535827 -0.814873 -0.844328 1.91525 1.84433
2.63894 0.5376 0.481754 -0.865803 -0.876307 1.9507 1.87631
2.70177 0.4816 0.425779 -0.916732 -0.904827 1.98274 1.90483
2.7646 0.4224 0.368125 -0.967662 -0.929776 2.01116 1.92978
2.82743 0.36 0.309017 -1.01859 -0.951057 2.03575 1.95106
2.89027 0.2944 0.24869 -1.06952 -0.968583 2.05633 1.96858
2.9531 0.2256 0.187381 -1.12045 -0.982287 2.07268 1.98229
3.01593 0.1536 0.125333 -1.17138 -0.992115 2.08461 1.99211
3.07876 0.0784 0.0627905 -1.22231 -0.998027 2.09192 1.99803
3.14159 -1.15463e-14 -2.54207e-15 -1.27324 -1 2.0944 2
3.20442 -0.0784 -0.0627905 -1.22231 -0.998027 2.09192 1.99803
3.26726 -0.1536 -0.125333 -1.17138 -0.992115 2.08461 1.99211
3.33009 -0.2256 -0.187381 -1.12045 -0.982287 2.07268 1.98229
3.39292 -0.2944 -0.24869 -1.06952 -0.968583 2.05633 1.96858
3.45575 -0.36 -0.309017 -1.01859 -0.951057 2.03575 1.95106
3.51858 -0.4224 -0.368125 -0.967662 -0.929776 2.01116 1.92978
3.58142 -0.4816 -0.425779 -0.916732 -0.904827 1.98274 1.90483
3.64425 -0.5376 -0.481754 -0.865803 -0.876307 1.9507 1.87631
3.70708 -0.5904 -0.535827 -0.814873 -0.844328 1.91525 1.84433
3.76991 -0.64 -0.587785 -0.763944 -0.809017 1.87658 1.80902
3.83274 -0.6864 -0.637424 -0.713014 -0.770513 1.83489 1.77051
3.89557 -0.7296 -0.684547 -0.662085 -0.728969 1.79039 1.72897
3.95841 -0.7696 -0.728969 -0.611155 -0.684547 1.74327 1.68455
4.02124 -0.8064 -0.770513 -0.560225 -0.637424 1.69375 1.63742
4.08407 -0.84 -0.809017 -0.509296 -0.587785 1.64201 1.58779
4.1469 -0.8704 -0.844328 -0.458366 -0.535827 1.58826 1.53583
4.20973 -0.8976 -0.876307 -0.407437 -0.481754 1.5327 1.48175
4.27257 -0.9216 -0.904827 -0.356507 -0.425779 1.47553 1.42578
4.3354 -0.9424 -0.929776 -0.305577 -0.368125 1.41695 1.36812
4.39823 -0.96 -0.951057 -0.254648 -0.309017 1.35717 1.30902
4.46106 -0.9744 -0.968583 -0.203718 -0.24869 1.29638 1.24869
4.52389 -0.9856 -0.982287 -0.152789 -0.187381 1.23479 1.18738
4.58673 -0.9936 -0.992115 -0.101859 -0.125333 1.17259 1.12533
4.64956 -0.9984 -0.998027 -0.0509296 -0.0627905 1.11 1.06279
4.71239 -1 -1 4.44089e-15 -1.83697e-16 1.0472 1
4.77522 -0.9984 -0.998027 0.0509296 0.0627905 0.984399 0.937209
4.83805 -0.9936 -0.992115 0.101859 0.125333 0.921802 0.874667
4.90088 -0.9856 -0.982287 0.152789 0.187381 0.859607 0.812619
4.96372 -0.9744 -0.968583 0.203718 0.24869 0.798015 0.75131
5.02655 -0.96 -0.951057 0.254648 0.309017 0.737227 0.690983
5.08938 -0.9424 -0.929776 0.305577 0.368125 0.677445 0.631875
5.15221 -0.9216 -0.904827 0.356507 0.425779 0.618869 0.574221
5.21504 -0.8976 -0.876307 0.407437 0.481754 0.5617 0.518246
5.27788 -0.8704 -0.844328 0.458366 0.535827 0.50614 0.464173
5.34071 -0.84 -0.809017 0.509296 0.587785 0.452389 0.412215
5.40354 -0.8064 -0.770513 0.560225 0.637424 0.400649 0.362576
5.46637 -0.7696 -0.728969 0.611155 0.684547 0.351121 0.315453
5.5292 -0.7296 -0.684547 0.662085 0.728969 0.304006 0.271031
5.59203 -0.6864 -0.637424 0.713014 0.770513 0.259504 0.229487
5.65487 -0.64 -0.587785 0.763944 0.809017 0.217817 0.190983
5.7177 -0.5904 -0.535827 0.814873 0.844328 0.179146 0.155672
5.78053 -0.5376 -0.481754 0.865803 0.876307 0.143692 0.123693
5.84336 -0.4816 -0.425779 0.916732 0.904827 0.111656 0.0951729
5.90619 -0.4224 -0.368125 0.967662 0.929776 0.0832396 0.0702235
5.96903 -0.36 -0.309017 1.01859 0.951057 0.0586431 0.0489435
6.03186 -0.2944 -0.24869 1.06952 0.968583 0.0380677 0.0314168
6.09469 -0.2256 -0.187381 1.12045 0.982287 0.0217147 0.0177127
6.15752 -0.1536 -0.125333 1.17138 0.992115 0.00978501 0.0078853
6.22035 -0.0784 -0.0627905 1.22231 0.998027 0.00247976 0.00197327
6.28319 -3.55271e-15 -9.12671e-15 1.27324 1 -8.43769e-15 0


0 -5.49532e-16 0 0 1.06952 1 0 0
0.0628319 0.0671565 0.0627905 0.059968 1.06744 0.998027 0.00211047 0.00197327
0.125664 0.134052 0.125333 0.119744 1.06121 0.992115 0.00843366 0.0078853
0.188496 0.200425 0.187381 0.179136 1.05082 0.982287 0.018945 0.0177127
0.251327 0.266015 0.24869 0.237952 1.03627 0.968583 0.0336034 0.0314168
0.314159 0.33056 0.309017 0.296 1.01757 0.951057 0.0523515 0.0489435
0.376991 0.3938 0.368125 0.353088 0.994716 0.929776 0.0751155 0.0702235
0.439823 0.455473 0.425779 0.409024 0.967703 0.904827 0.101805 0.0951729
0.502655 0.515318 0.481754 0.463616 0.936534 0.876307 0.132314 0.123693
0.565487 0.573074 0.535827 0.516672 0.901209 0.844328 0.166518 0.155672
0.628319 0.62848 0.587785 0.568 0.861729 0.809017 0.204279 0.190983
0.69115 0.681275 0.637424 0.617408 0.818092 0.770513 0.24544 0.229487
0.753982 0.731197 0.684547 0.664704 0.7703 0.728969 0.28983 0.271031
0.816814 0.777987 0.728969 0.709696 0.718352 0.684547 0.33726 0.315453
0.879646 0.821381 0.770513 0.752192 0.662248 0.637424 0.387524 0.362576
0.942478 0.86112 0.809017 0.792 0.601988 0.587785 0.440401 0.412215
1.00531 0.896942 0.844328 0.828928 0.537572 0.535827 0.495653 0.464173
1.06814 0.928586 0.876307 0.862784 0.469 0.481754 0.553027 0.518246
1.13097 0.955791 0.904827 0.893376 0.396273 0.425779 0.61225 0.574221
1.19381 0.978296 0.929776 0.920512 0.31939 0.368125 0.673036 0.631875
1.25664 0.99584 0.951057 0.944 0.23835 0.309017 0.735082 0.690983
1.31947 1.00816 0.968583 0.963648 0.153155 0.24869 0.798068 0.75131
1.3823 1.015 0.982287 0.979264 0.0638046 0.187381 0.861657 0.812619
1.44513 1.01609 0.992115 0.990656 -0.0297021 0.125333 0.925496 0.874667
1.50796 1.01118 0.998027 0.997632 -0.127365 0.0627905 0.989217 0.937209
1.5708 1 1 1 -0.229183 -6.04901e-16 1.05243 1
1.63363 0.984822 0.998027 0.997632 -0.254118 -0.0627905 1.1148 1.06279
1.69646 0.968046 0.992115 0.990656 -0.280031 -0.125333 1.17616 1.12533
1.75929 0.949612 0.982287 0.979264 -0.306922 -0.187381 1.23641 1.18738
1.82212 0.929457 0.968583 0.963648 -0.334791 -0.24869 1.29545 1.24869
1.88496 0.90752 0.951057 0.944 -0.363637 -0.309017 1.35317 1.30902
1.94779 0.88374 0.929776 0.920512 -0.393462 -0.368125 1.40946 1.36812
2.01062 0.858056 0.904827 0.893376 -0.424264 -0.425779 1.46419 1.42578
2.07345 0.830405 0.876307 0.862784 -0.456044 -0.481754 1.51724 1.48175
2.13628 0.800727 0.844328 0.828928 -0.488802 -0.535827 1.5685 1.53583
2.19911 0.76896 0.809017 0.792 -0.522538 -0.587785 1.61782 1.58779
2.26195 0.735043 0.770513 0.752192 -0.557251 -0.637424 1.66508 1.63742
2.32478 0.698913 0.728969 0.709696 -0.592943 -0.684547 1.71014 1.68455
2.38761 0.660511 0.684547 0.664704 -0.629612 -0.728969 1.75286 1.72897
2.45044 0.619773 0.637424 0.617408 -0.667259 -0.770513 1.79309 1.77051
2.51327 0.57664 0.587785 0.568 -0.705884 -0.809017 1.83069 1.80902
2.57611 0.531049 0.535827 0.516672 -0.745487 -0.844328 1.86551 1.84433
2.63894 0.482939 0.481754 0.463616 -0.786068 -0.876307 1.89737 1.87631
2.70177 0.432248 0.425779 0.409024 -0.827626 -0.904827 1.92614 1.90483
2.7646 0.378916 0.368125 0.353088 -0.870162 -0.929776 1.95164 1.92978
2.82743 0.32288 0.309017 0.296 -0.913677 -0.951057 1.9737 1.95106
2.89027 0.264079 0.24869 0.237952 -0.958169 -0.968583 1.99215 1.96858
2.9531 0.202452 0.187381 0.179136 -1.00364 -0.982287 2.00683 1.98229
3.01593 0.137938 0.125333 0.119744 -1.05009 -0.992115 2.01753 1.99211
3.07876 0.0704742 0.0627905 0.059968 -1.09751 -0.998027 2.0241 1.99803
3.14159 -3.55271e-15 -2.54207e-15 -2.42198e-15 -1.14592 -1 2.02633 2
3.20442 -0.0710272 -0.0627905 -0.059968 -1.11475 -0.998027 2.02409 1.99803
3.26726 -0.140058 -0.125333 -0.119744 -1.08236 -0.992115 2.01744 1.99211
3.33009 -0.207014 -0.187381 -0.179136 -1.04874 -0.982287 2.00653 1.98229
3.39292 -0.271821 -0.24869 -0.237952 -1.01391 -0.968583 1.99147 1.96858
3.45575 -0.3344 -0.309017 -0.296 -0.977848 -0.951057 1.97242 1.95106
3.51858 -0.394675 -0.368125 -0.353088 -0.940568 -0.929776 1.9495 1.92978
3.58142 -0.45257 -0.425779 -0.409024 -0.902065 -0.904827 1.92287 1.90483
3.64425 -0.508006 -0.481754 -0.463616 -0.86234 -0.876307 1.89268 1.87631
3.70708 -0.560909 -0.535827 -0.516672 -0.821392 -0.844328 1.85909 1.84433
3.76991 -0.6112 -0.587785 -0.568 -0.779223 -0.809017 1.82225 1.80902
3.83274 -0.658803 -0.637424 -0.617408 -0.735831 -0.770513 1.78234 1.77051
3.89557 -0.703642 -0.684547 -0.664704 -0.691216 -0.728969 1.73952 1.72897
3.95841 -0.745638 -0.728969 -0.709696 -0.64538 -0.684547 1.69397 1.68455
4.02124 -0.784717 -0.770513 -0.752192 -0.598321 -0.637424 1.64588 1.63742
4.08407 -0.8208 -0.809017 -0.792 -0.550039 -0.587785 1.59543 1.58779
4.1469 -0.853811 -0.844328 -0.828928 -0.500536 -0.535827 1.5428 1.53583
4.20973 -0.883674 -0.876307 -0.862784 -0.44981 -0.481754 1.4882 1.48175
4.27257 -0.91031 -0.904827 -0.893376 -0.397862 -0.425779 1.43182 1.42578
4.3354 -0.933645 -0.929776 -0.920512 -0.344691 -0.368125 1.37388 1.36812
4.39823 -0.9536 -0.951057 -0.944 -0.290299 -0.309017 1.31457 1.30902
4.46106 -0.970099 -0.968583 -0.963648 -0.234684 -0.24869 1.25411 1.24869
4.52389 -0.983066 -0.982287 -0.979264 -0.177846 -0.187381 1.19274 1.18738
4.58673 -0.992422 -0.992115 -0.990656 -0.119786 -0.125333 1.13065 1.12533
4.64956 -0.998093 -0.998027 -0.997632 -0.0605043 -0.0627905 1.0681 1.06279
4.71239 -1 -1 -1 2.22045e-15 -1.83697e-16 1.00531 1
4.77522 -0.998554 -0.998027 -0.997632 0.0461422 0.0627905 0.942508 0.937209
4.83805 -0.994189 -0.992115 -0.990656 0.0928956 0.125333 0.879889 0.874667
4.90088 -0.986867 -0.982287 -0.979264 0.14026 0.187381 0.817637 0.812619
4.96372 -0.97655 -0.968583 -0.963648 0.188236 0.24869 0.755938 0.75131
5.02655 -0.9632 -0.951057 -0.944 0.236823 0.309017 0.694983 0.690983
5.08938 -0.946778 -0.929776 -0.920512 0.286021 0.368125 0.634963 0.631875
5.15221 -0.927245 -0.904827 -0.893376 0.33583 0.425779 0.576073 0.574221
5.21504 -0.904563 -0.876307 -0.862784 0.38625 0.481754 0.518508 0.518246
5.27788 -0.878694 -0.844328 -0.828928 0.437281 0.535827 0.462469 0.464173
5.34071 -0.8496 -0.809017 -0.792 0.488924 0.587785 0.408156 0.412215
5.40354 -0.817242 -0.770513 -0.752192 0.541178 0.637424 0.355773 0.362576
5.46637 -0.781581 -0.728969 -0.709696 0.594043 0.684547 0.305527 0.315453
5.5292 -0.742579 -0.684547 -0.664704 0.647519 0.728969 0.257627 0.271031
5.59203 -0.700198 -0.637424 -0.617408 0.701606 0.770513 0.212283 0.229487
5.65487 -0.6544 -0.587785 -0.568 0.756304 0.809017 0.169709 0.190983
5.7177 -0.605146 -0.535827 -0.516672 0.811614 0.844328 0.130121 0.155672
5.78053 -0.552397 -0.481754 -0.463616 0.867534 0.876307 0.0937372 0.123693
5.84336 -0.496115 -0.425779 -0.409024 0.924066 0.904827 0.0607786 0.0951729
5.90619 -0.436262 -0.368125 -0.353088 0.981209 0.929776 0.0314683 0.0702235
5.96903 -0.3728 -0.309017 -0.296 1.03896 0.951057 0.00603186 0.0489435
6.03186 -0.30569 -0.24869 -0.237952 1.09733 0.968583 -0.0153027 0.0314168
6.09469 -0.234893 -0.187381 -0.179136 1.15631 0.982287 -0.032305 0.0177127
6.15752 -0.160371 -0.125333 -0.119744 1.21589 0.992115 -0.0447422 0.0078853
6.22035 -0.0820864 -0.0627905 -0.059968 1.27609 0.998027 -0.052379 0.00197327
6.28319 -7.99361e-15 -9.12671e-15 -8.54872e-15 1.3369 1 -0.0549779 0
