-15 0.278217 -0.0691266
-14.98 0.282829 -0.0473904
-14.96 0.285744 -0.0253698
-14.9399 0.286946 -0.00319717
-14.9199 0.286431 0.0189947
-14.8999 0.284204 0.041073
-14.8799 0.280281 0.0629062
-14.8599 0.274686 0.0843644
-14.8398 0.267457 0.10532
-14.8198 0.258638 0.12565
-14.7998 0.248283 0.145234
-14.7798 0.236456 0.163957
-14.7598 0.223229 0.18171
-14.7397 0.208682 0.198388
-14.7197 0.192902 0.213894
-14.6997 0.175986 0.228139
-14.6797 0.158033 0.241041
-14.6597 0.13915 0.252525
-14.6396 0.119451 0.262526
-14.6196 0.0990503 0.270988
-14.5996 0.0780699 0.277862
-14.5796 0.0566329 0.283112
-14.5596 0.0348651 0.286708
-14.5395 0.0128939 0.288631
-14.5195 -0.00915245 0.288874
-14.4995 -0.0311456 0.287436
-14.4795 -0.0529578 0.284328
-14.4595 -0.0744629 0.279572
-14.4394 -0.0955367 0.273196
-14.4194 -0.116058 0.265239
-14.3994 -0.135909 0.25575
-14.3794 -0.154975 0.244786
-14.3594 -0.17315 0.232412
-14.3393 -0.190328 0.218701
-14.3193 -0.206412 0.203734
-14.2993 -0.221313 0.187598
-14.2793 -0.234946 0.170387
-14.2593 -0.247235 0.152201
-14.2392 -0.258112 0.133146
-14.2192 -0.267516 0.113332
-14.1992 -0.275397 0.0928717
-14.1792 -0.281711 0.0718832
-14.1592 -0.286424 0.0504864
-14.1391 -0.289513 0.0288032
-14.1191 -0.290963 0.00695686
-14.0991 -0.290766 -0.0149289
-14.0791 -0.288927 -0.0367304
-14.0591 -0.285458 -0.0583247
-14.039 -0.280382 -0.0795905
-14.019 -0.273729 -0.100409
-13.999 -0.265538 -0.120663
-13.979 -0.255858 -0.140241
-13.959 -0.244746 -0.159033
-13.9389 -0.232264 -0.176936
-13.9189 -0.218486 -0.193851
-13.8989 -0.203489 -0.209685
-13.8789 -0.18736 -0.224352
-13.8589 -0.170188 -0.237771
-13.8388 -0.152072 -0.24987
-13.8188 -0.133112 -0.260584
-13.7988 -0.113415 -0.269855
-13.7788 -0.093092 -0.277634
-13.7588 -0.0722546 -0.283881
-13.7387 -0.0510189 -0.288563
-13.7187 -0.0295024 -0.291657
-13.6987 -0.00782374 -0.293148
-13.6787 0.0138979 -0.293031
-13.6587 0.0355434 -0.291307
-13.6386 0.0569945 -0.287989
-13.6186 0.0781342 -0.283098
-13.5986 0.0988476 -0.276662
-13.5786 0.119023 -0.26872
-13.5586 0.13855 -0.259315
-13.5385 0.157325 -0.248502
-13.5185 0.175247 -0.23634
-13.4985 0.192219 -0.222899
-13.4785 0.208152 -0.208253
-13.4585 0.222962 -0.192482
-13.4384 0.236569 -0.175673
-13.4184 0.248902 -0.157918
-13.3984 0.259897 -0.139314
-13.3784 0.269498 -0.119963
-13.3584 0.277654 -0.0999684
-13.3383 0.284324 -0.079439
-13.3183 0.289475 -0.0584849
-13.2983 0.293081 -0.0372189
-13.2783 0.295126 -0.0157545
-13.2583 0.295601 0.00579378
-13.2382 0.294506 0.0273113
-13.2182 0.291848 0.0486839
-13.1982 0.287646 0.0697988
-13.1782 0.281922 0.0905447
-13.1582 0.27471 0.110813
-13.1381 0.26605 0.130496
-13.1181 0.25599 0.149493
-13.0981 0.244584 0.167704
-13.0781 0.231894 0.185036
-13.0581 0.21799 0.201398
-13.038 0.202945 0.216706
-13.018 0.18684 0.230882
-12.998 0.169761 0.243854
-12.978 0.151798 0.255557
-12.958 0.133045 0.26593
-12.9379 0.113602 0.274924
-12.9179 0.0935699 0.282492
-12.8979 0.0730535 0.288598
-12.8779 0.0521595 0.293213
-12.8579 0.0309964 0.296315
-12.8378 0.00967367 0.297891
-12.8178 -0.0116989 0.297935
-12.7978 -0.0330114 0.296448
-12.7778 -0.0541547 0.293442
-12.7578 -0.0750207 0.288934
-12.7377 -0.0955034 0.282949
-12.7177 -0.115499 0.275519
-12.6977 -0.134906 0.266686
-12.6777 -0.153626 0.256497
-12.6577 -0.171567 0.245004
-12.6376 -0.188637 0.23227
-12.6176 -0.204752 0.218359
-12.5976 -0.219833 0.203344
-12.5776 -0.233803 0.187303
-12.5576 -0.246596 0.170318
-12.5375 -0.258148 0.152477
-12.5175 -0.268404 0.133869
-12.4975 -0.277313 0.11459
-12.4775 -0.284834 0.0947373
-12.4575 -0.290931 0.074411
-12.4374 -0.295576 0.0537132
-12.4174 -0.298749 0.0327478
-12.3974 -0.300435 0.0116194
-12.3774 -0.300629 -0.00956672
-12.3574 -0.299332 -0.0307054
-12.3373 -0.296553 -0.0516921
-12.3173 -0.292308 -0.0724234
-12.2973 -0.286621 -0.0927973
-12.2773 -0.279522 -0.112714
-12.2573 -0.271048 -0.132076
-12.2372 -0.261243 -0.15079
-12.2172 -0.250157 -0.168765
-12.1972 -0.237846 -0.185913
-12.1772 -0.224373 -0.202153
-12.1572 -0.209806 -0.217407
-12.1371 -0.194217 -0.231602
-12.1171 -0.177683 -0.244671
-12.0971 -0.160287 -0.256552
-12.0771 -0.142114 -0.267189
-12.0571 -0.123253 -0.276534
-12.037 -0.103797 -0.284543
-12.017 -0.0838397 -0.29118
-11.997 -0.0634792 -0.296415
-11.977 -0.0428136 -0.300225
-11.957 -0.0219425 -0.302595
-11.9369 -0.000966262 -0.303515
-11.9169 0.0200146 -0.302983
-11.8969 0.0409 -0.301005
-11.8769 0.0615904 -0.297592
-11.8569 0.0819878 -0.292764
-11.8368 0.101996 -0.286544
-11.8168 0.12152 -0.278966
-11.7968 0.140469 -0.270066
-11.7768 0.158754 -0.259891
-11.7568 0.17629 -0.248489
-11.7367 0.192996 -0.235916
-11.7167 0.208794 -0.222235
-11.6967 0.223612 -0.20751
-11.6767 0.237383 -0.191812
-11.6567 0.250042 -0.175218
-11.6366 0.261534 -0.157805
-11.6166 0.271807 -0.139656
-11.5966 0.280815 -0.120857
-11.5766 0.288518 -0.101497
-11.5566 0.294883 -0.0816655
-11.5365 0.299882 -0.0614562
-11.5165 0.303496 -0.0409628
-11.4965 0.305709 -0.0202804
-11.4765 0.306514 0.000495439
-11.4565 0.305909 0.021269
-11.4364 0.303901 0.041945
-11.4164 0.3005 0.0624288
-11.3964 0.295724 0.0826272
-11.3764 0.289599 0.102448
-11.3564 0.282153 0.121802
-11.3363 0.273424 0.140602
-11.3163 0.263452 0.158764
-11.2963 0.252286 0.176205
-11.2763 0.239979 0.192849
-11.2563 0.226587 0.208622
-11.2362 0.212173 0.223454
-11.2162 0.196804 0.237281
-11.1962 0.180551 0.25004
-11.1762 0.163488 0.261679
-11.1562 0.145692 0.272145
-11.1361 0.127246 0.281395
-11.1161 0.108231 0.28939
-11.0961 0.0887349 0.296096
-11.0761 0.068844 0.301485
-11.0561 0.0486475 0.305537
-11.036 0.0282356 0.308235
-11.016 0.00769873 0.30957
-10.996 -0.0128721 0.309539
-10.976 -0.0333863 0.308145
-10.956 -0.0537537 0.305395
-10.9359 -0.0738851 0.301304
-10.9159 -0.0936929 0.295894
-10.8959 -0.113091 0.289189
-10.8759 -0.131995 0.281222
-10.8559 -0.150324 0.272029
-10.8358 -0.168 0.261653
-10.8158 -0.184946 0.250142
-10.7958 -0.20109 0.237546
-10.7758 -0.216365 0.223923
-10.7558 -0.230706 0.209333
-10.7357 -0.244053 0.193841
-10.7157 -0.256349 0.177515
-10.6957 -0.267546 0.160427
-10.6757 -0.277595 0.142651
-10.6557 -0.286458 0.124265
-10.6356 -0.294097 0.105349
-10.6156 -0.300483 0.0859837
-10.5956 -0.305592 0.0662527
-10.5756 -0.309402 0.0462404
-10.5556 -0.311902 0.0260322
-10.5355 -0.313083 0.00571385
-10.5155 -0.312942 -0.0146286
-10.4955 -0.311483 -0.0349095
-10.4755 -0.308714 -0.0550437
-10.4555 -0.304649 -0.0749468
-10.4354 -0.299308 -0.094536
-10.4154 -0.292716 -0.11373
-10.3954 -0.284902 -0.132449
-10.3754 -0.275901 -0.150617
-10.3554 -0.265754 -0.168159
-10.3353 -0.254503 -0.185003
-10.3153 -0.242199 -0.201081
-10.2953 -0.228894 -0.216328
-10.2753 -0.214645 -0.230682
-10.2553 -0.199512 -0.244087
-10.2352 -0.183559 -0.256489
-10.2152 -0.166854 -0.267839
-10.1952 -0.149465 -0.278093
-10.1752 -0.131466 -0.287211
-10.1552 -0.112931 -0.295158
-10.1351 -0.0939364 -0.301904
-10.1151 -0.0745603 -0.307424
-10.0951 -0.054882 -0.311699
-10.0751 -0.0349817 -0.314712
-10.0551 -0.0149402 -0.316455
-10.035 0.00516154 -0.316923
-10.015 0.0252426 -0.316117
-9.99499 0.0452223 -0.314043
-9.97497 0.065021 -0.310711
-9.95495 0.0845598 -0.306137
-9.93493 0.103761 -0.300342
-9.91491 0.12255 -0.293351
-9.89489 0.140852 -0.285195
-9.87487 0.158595 -0.275908
-9.85485 0.175711 -0.26553
-9.83483 0.192133 -0.254103
-9.81481 0.207798 -0.241675
-9.79479 0.222646 -0.228296
-9.77477 0.23662 -0.214022
-9.75475 0.249668 -0.198909
-9.73473 0.261739 -0.183019
-9.71471 0.27279 -0.166415
-9.69469 0.282779 -0.149163
-9.67467 0.29167 -0.131332
-9.65465 0.29943 -0.112992
-9.63463 0.306031 -0.0942141
-9.61461 0.311452 -0.0750729
-9.59459 0.315672 -0.0556425
-9.57457 0.318679 -0.0359981
-9.55455 0.320463 -0.0162156
-9.53453 0.321021 0.00362897
-9.51451 0.320352 0.0234597
-9.49449 0.318462 0.0432011
-9.47447 0.315361 0.0627781
-9.45445 0.311062 0.0821169
-9.43443 0.305585 0.101145
-9.41441 0.298953 0.11979
-9.39439 0.291193 0.137983
-9.37437 0.282337 0.155658
-9.35435 0.27242 0.172747
-9.33433 0.261483 0.189189
-9.31431 0.249567 0.204924
-9.29429 0.23672 0.219894
-9.27427 0.222992 0.234045
-9.25425 0.208435 0.247326
-9.23423 0.193105 0.25969
-9.21421 0.17706 0.271093
-9.19419 0.160362 0.281496
-9.17417 0.143073 0.290861
-9.15415 0.125258 0.299158
-9.13413 0.106983 0.306357
-9.11411 0.0883174 0.312435
-9.09409 0.0693288 0.317371
-9.07407 0.0500876 0.321152
-9.05405 0.0306643 0.323765
-9.03403 0.0111297 0.325203
-9.01401 -0.00844522 0.325464
-8.99399 -0.0279897 0.32455
-8.97397 -0.0474333 0.322466
-8.95395 -0.0667063 0.319222
-8.93393 -0.0857401 0.314834
-8.91391 -0.104467 0.309318
-8.89389 -0.122821 0.302698
-8.87387 -0.140737 0.294998
-8.85385 -0.158153 0.28625
-8.83383 -0.175007 0.276487
-8.81381 -0.191243 0.265744
-8.79379 -0.206803 0.254064
-8.77377 -0.221634 0.241488
-8.75375 -0.235686 0.228063
-8.73373 -0.248911 0.213838
-8.71371 -0.261266 0.198864
-8.69369 -0.272708 0.183197
-8.67367 -0.2832 0.166891
-8.65365 -0.292708 0.150005
-8.63363 -0.301202 0.132599
-8.61361 -0.308653 0.114735
-8.59359 -0.315039 0.0964738
-8.57357 -0.32034 0.0778809
-8.55355 -0.324541 0.0590204
-8.53353 -0.327629 0.0399576
-8.51351 -0.329597 0.0207581
-8.49349 -0.330441 0.00148785
-8.47347 -0.33016 -0.0177875
-8.45345 -0.328759 -0.0370025
-8.43343 -0.326243 -0.0560922
-8.41341 -0.322626 -0.0749924
-8.39339 -0.31792 -0.0936398
-8.37337 -0.312146 -0.111972
-8.35335 -0.305324 -0.129929
-8.33333 -0.29748 -0.147451
-8.31331 -0.288643 -0.164481
-8.29329 -0.278844 -0.180963
-8.27327 -0.268119 -0.196843
-8.25325 -0.256505 -0.212071
-8.23323 -0.244042 -0.226598
-8.21321 -0.230775 -0.240377
-8.19319 -0.216748 -0.253365
-8.17317 -0.202009 -0.265521
-8.15315 -0.186609 -0.276808
-8.13313 -0.170599 -0.28719
-8.11311 -0.154034 -0.296637
-8.09309 -0.136967 -0.305119
-8.07307 -0.119456 -0.312612
-8.05305 -0.101559 -0.319093
-8.03303 -0.0833342 -0.324545
-8.01301 -0.0648411 -0.328953
-7.99299 -0.0461396 -0.332304
-7.97297 -0.0272904 -0.334591
-7.95295 -0.00835404 -0.335808
-7.93293 0.010609 -0.335956
-7.91291 0.0295384 -0.335036
-7.89289 0.0483741 -0.333054
-7.87287 0.0670569 -0.330018
-7.85285 0.0855281 -0.325941
-7.83283 0.10373 -0.320839
-7.81281 0.121607 -0.314729
-7.79279 0.139103 -0.307634
-7.77277 0.156164 -0.299579
-7.75275 0.17274 -0.290591
-7.73273 0.188778 -0.2807
-7.71271 0.204232 -0.269939
-7.69269 0.219055 -0.258344
-7.67267 0.233202 -0.245952
-7.65265 0.246632 -0.232804
-7.63263 0.259307 -0.218943
-7.61261 0.271188 -0.204412
-7.59259 0.282242 -0.189257
-7.57257 0.292437 -0.173526
-7.55255 0.301745 -0.157269
-7.53253 0.31014 -0.140536
-7.51251 0.317598 -0.123379
-7.49249 0.324101 -0.10585
-7.47247 0.329631 -0.0880036
-7.45245 0.334173 -0.0698935
-7.43243 0.337718 -0.0515747
-7.41241 0.340257 -0.0331023
-7.39239 0.341785 -0.0145316
-7.37237 0.342301 0.00408226
-7.35235 0.341806 0.022684
-7.33233 0.340304 0.041219
-7.31231 0.337801 0.0596329
-7.29229 0.33431 0.0778721
-7.27227 0.329841 0.0958838
-7.25225 0.324411 0.113616
-7.23223 0.318038 0.131018
-7.21221 0.310744 0.148041
-7.19219 0.302551 0.164635
-7.17217 0.293487 0.180756
-7.15215 0.283579 0.196356
-7.13213 0.272858 0.211394
-7.11211 0.261358 0.225828
-7.09209 0.249113 0.239619
-7.07207 0.23616 0.252728
-7.05205 0.222537 0.265121
-7.03203 0.208286 0.276765
-7.01201 0.193448 0.28763
-6.99199 0.178066 0.297686
-6.97197 0.162185 0.306908
-6.95195 0.145851 0.315273
-6.93193 0.129111 0.322759
-6.91191 0.112012 0.329349
-6.89189 0.0946031 0.335027
-6.87187 0.0769327 0.339779
-6.85185 0.0590505 0.343596
-6.83183 0.0410061 0.346469
-6.81181 0.0228494 0.348394
-6.79179 0.00463036 0.349368
-6.77177 -0.0136013 0.349392
-6.75175 -0.0317961 0.348467
-6.73173 -0.0499049 0.346599
-6.71171 -0.0678791 0.343797
-6.69169 -0.0856708 0.340069
-6.67167 -0.103233 0.33543
-6.65165 -0.120519 0.329895
-6.63163 -0.137484 0.323479
-6.61161 -0.154083 0.316205
-6.59159 -0.170274 0.308092
-6.57157 -0.186016 0.299166
-6.55155 -0.201268 0.289452
-6.53153 -0.215991 0.278978
-6.51151 -0.230149 0.267774
-6.49149 -0.243707 0.255871
-6.47147 -0.25663 0.243302
-6.45145 -0.268889 0.230103
-6.43143 -0.280452 0.216308
-6.41141 -0.291292 0.201957
-6.39139 -0.301384 0.187086
-6.37137 -0.310704 0.171736
-6.35135 -0.319231 0.155948
-6.33133 -0.326945 0.139762
-6.31131 -0.33383 0.123223
-6.29129 -0.339871 0.106371
-6.27127 -0.345055 0.0892514
-6.25125 -0.349371 0.0719073
-6.23123 -0.352813 0.0543832
-6.21121 -0.355373 0.0367232
-6.19119 -0.357049 0.0189718
-6.17117 -0.35784 0.00117326
-6.15115 -0.357745 -0.0166282
-6.13113 -0.356769 -0.0343886
-6.11111 -0.354916 -0.0520646
-6.09109 -0.352194 -0.0696132
-6.07107 -0.348612 -0.0869918
-6.05105 -0.344182 -0.104159
-6.03103 -0.338918 -0.121073
-6.01101 -0.332834 -0.137695
-5.99099 -0.325949 -0.153985
-5.97097 -0.318281 -0.169906
-5.95095 -0.309852 -0.18542
-5.93093 -0.300683 -0.200492
-5.91091 -0.290801 -0.215088
-5.89089 -0.280229 -0.229174
-5.87087 -0.268996 -0.242719
-5.85085 -0.25713 -0.255693
-5.83083 -0.244661 -0.268067
-5.81081 -0.23162 -0.279816
-5.79079 -0.21804 -0.290912
-5.77077 -0.203954 -0.301334
-5.75075 -0.189397 -0.311059
-5.73073 -0.174403 -0.320067
-5.71071 -0.159008 -0.32834
-5.69069 -0.14325 -0.335861
-5.67067 -0.127164 -0.342617
-5.65065 -0.11079 -0.348594
-5.63063 -0.0941651 -0.353782
-5.61061 -0.0773276 -0.358172
-5.59059 -0.0603161 -0.361756
-5.57057 -0.0431695 -0.36453
-5.55055 -0.0259266 -0.36649
-5.53053 -0.0086259 -0.367635
-5.51051 0.0086939 -0.367966
-5.49049 0.0259945 -0.367483
-5.47047 0.043238 -0.366192
-5.45045 0.0603867 -0.364099
-5.43043 0.0774035 -0.36121
-5.41041 0.0942519 -0.357535
-5.39039 0.110896 -0.353085
-5.37037 0.127301 -0.347872
-5.35035 0.143431 -0.341911
-5.33033 0.159254 -0.335216
-5.31031 0.174737 -0.327806
-5.29029 0.189848 -0.319698
-5.27027 0.204557 -0.310912
-5.25025 0.218834 -0.301469
-5.23023 0.23265 -0.291393
-5.21021 0.245979 -0.280705
-5.19019 0.258794 -0.269431
-5.17017 0.271071 -0.257597
-5.15015 0.282786 -0.245229
-5.13013 0.293918 -0.232356
-5.11011 0.304445 -0.219004
-5.09009 0.314349 -0.205204
-5.07007 0.323612 -0.190985
-5.05005 0.332218 -0.176378
-5.03003 0.340151 -0.161415
-5.01001 0.347398 -0.146126
-4.98999 0.353948 -0.130543
-4.96997 0.35979 -0.1147
-4.94995 0.364916 -0.0986277
-4.92993 0.369318 -0.08236
-4.90991 0.37299 -0.0659297
-4.88989 0.375928 -0.0493695
-4.86987 0.37813 -0.0327126
-4.84985 0.379594 -0.0159919
-4.82983 0.38032 0.000759997
-4.80981 0.380309 0.0175104
-4.78979 0.379566 0.0342271
-4.76977 0.378095 0.0508781
-4.74975 0.3759 0.0674319
-4.72973 0.37299 0.0838573
-4.70971 0.369373 0.100124
-4.68969 0.365059 0.116201
-4.66967 0.360059 0.132061
-4.64965 0.354385 0.147673
-4.62963 0.348051 0.16301
-4.60961 0.341071 0.178044
-4.58959 0.333461 0.19275
-4.56957 0.325238 0.207101
-4.54955 0.316419 0.221073
-4.52953 0.307023 0.234642
-4.50951 0.29707 0.247785
-4.48949 0.28658 0.260481
-4.46947 0.275574 0.272707
-4.44945 0.264075 0.284445
-4.42943 0.252105 0.295676
-4.40941 0.239687 0.306383
-4.38939 0.226846 0.316548
-4.36937 0.213606 0.326156
-4.34935 0.199992 0.335193
-4.32933 0.186029 0.343645
-4.30931 0.171743 0.351502
-4.28929 0.157161 0.358751
-4.26927 0.142309 0.365384
-4.24925 0.127213 0.371392
-4.22923 0.1119 0.376767
-4.20921 0.096398 0.381504
-4.18919 0.0807332 0.385598
-4.16917 0.0649328 0.389043
-4.14915 0.0490239 0.391839
-4.12913 0.0330335 0.393984
-4.10911 0.0169884 0.395476
-4.08909 0.000915261 0.396318
-4.06907 -0.0151594 0.396509
-4.04905 -0.0312093 0.396055
-4.02903 -0.0472086 0.394957
-4.00901 -0.0631317 0.393222
-3.98899 -0.0789534 0.390855
-3.96897 -0.0946489 0.387863
-3.94895 -0.110194 0.384255
-3.92893 -0.125565 0.380038
-3.90891 -0.140737 0.375223
-3.88889 -0.15569 0.36982
-3.86887 -0.1704 0.363841
-3.84885 -0.184846 0.357297
-3.82883 -0.199006 0.350203
-3.80881 -0.212861 0.342571
-3.78879 -0.226392 0.334416
-3.76877 -0.239578 0.325754
-3.74875 -0.252403 0.316599
-3.72873 -0.264849 0.306969
-3.70871 -0.276899 0.29688
-3.68869 -0.288537 0.28635
-3.66867 -0.299749 0.275396
-3.64865 -0.31052 0.264038
-3.62863 -0.320837 0.252294
-3.60861 -0.330688 0.240182
-3.58859 -0.34006 0.227723
-3.56857 -0.348944 0.214937
-3.54855 -0.357328 0.201843
-3.52853 -0.365204 0.188463
-3.50851 -0.372564 0.174816
-3.48849 -0.3794 0.160923
-3.46847 -0.385706 0.146804
-3.44845 -0.391475 0.132482
-3.42843 -0.396703 0.117977
-3.40841 -0.401387 0.10331
-3.38839 -0.405522 0.0885013
-3.36837 -0.409106 0.0735726
-3.34835 -0.412139 0.0585446
-3.32833 -0.414618 0.043438
-3.30831 -0.416544 0.0282735
-3.28829 -0.417918 0.0130714
-3.26827 -0.418741 -0.00214789
-3.24825 -0.419015 -0.0173644
-3.22823 -0.418745 -0.0325583
-3.20821 -0.417932 -0.0477102
-3.18819 -0.416582 -0.0628007
-3.16817 -0.4147 -0.0778109
-3.14815 -0.412291 -0.0927224
-3.12813 -0.409363 -0.107517
-3.10811 -0.405921 -0.122177
-3.08809 -0.401973 -0.136684
-3.06807 -0.397528 -0.151023
-3.04805 -0.392594 -0.165176
-3.02803 -0.38718 -0.179127
-3.00801 -0.381297 -0.19286
-2.98799 -0.374954 -0.206362
-2.96797 -0.368162 -0.219616
-2.94795 -0.360932 -0.232609
-2.92793 -0.353276 -0.245327
-2.90791 -0.345205 -0.257757
-2.88789 -0.336731 -0.269887
-2.86787 -0.327868 -0.281705
-2.84785 -0.318629 -0.293198
-2.82783 -0.309025 -0.304358
-2.80781 -0.299072 -0.315172
-2.78779 -0.288781 -0.325632
-2.76777 -0.278168 -0.335727
-2.74775 -0.267247 -0.345451
-2.72773 -0.256031 -0.354794
-2.70771 -0.244535 -0.363749
-2.68769 -0.232774 -0.37231
-2.66767 -0.220763 -0.380469
-2.64765 -0.208515 -0.388222
-2.62763 -0.196046 -0.395563
-2.60761 -0.18337 -0.402487
-2.58759 -0.170503 -0.408991
-2.56757 -0.157459 -0.41507
-2.54755 -0.144253 -0.420723
-2.52753 -0.1309 -0.425946
-2.50751 -0.117414 -0.430737
-2.48749 -0.10381 -0.435096
-2.46747 -0.090102 -0.439021
-2.44745 -0.0763054 -0.442511
-2.42743 -0.0624339 -0.445568
-2.40741 -0.0485017 -0.448191
-2.38739 -0.0345226 -0.450382
-2.36737 -0.0205105 -0.452142
-2.34735 -0.00647893 -0.453473
-2.32733 0.00755877 -0.454377
-2.30731 0.0215894 -0.454858
-2.28729 0.0356002 -0.454918
-2.26727 0.0495783 -0.454561
-2.24725 0.0635113 -0.45379
-2.22723 0.0773872 -0.452612
-2.20721 0.0911941 -0.451029
-2.18719 0.10492 -0.449047
-2.16717 0.118554 -0.446671
-2.14715 0.132086 -0.443908
-2.12713 0.145503 -0.440763
-2.10711 0.158797 -0.437242
-2.08709 0.171957 -0.433351
-2.06707 0.184972 -0.429098
-2.04705 0.197835 -0.42449
-2.02703 0.210535 -0.419533
-2.00701 0.223064 -0.414236
-1.98699 0.235414 -0.408605
-1.96697 0.247576 -0.402649
-1.94695 0.259543 -0.396376
-1.92693 0.271308 -0.389793
-1.90691 0.282863 -0.382909
-1.88689 0.294202 -0.375733
-1.86687 0.305319 -0.368272
-1.84685 0.316207 -0.360536
-1.82683 0.326861 -0.352533
-1.80681 0.337276 -0.344272
-1.78679 0.347447 -0.335761
-1.76677 0.357368 -0.327011
-1.74675 0.367037 -0.318028
-1.72673 0.376449 -0.308823
-1.70671 0.3856 -0.299404
-1.68669 0.394488 -0.289781
-1.66667 0.403109 -0.279961
-1.64665 0.41146 -0.269955
-1.62663 0.41954 -0.25977
-1.60661 0.427347 -0.249416
-1.58659 0.434879 -0.238901
-1.56657 0.442134 -0.228234
-1.54655 0.449111 -0.217424
-1.52653 0.45581 -0.20648
-1.50651 0.46223 -0.195409
-1.48649 0.468371 -0.18422
-1.46647 0.474233 -0.172921
-1.44645 0.479817 -0.16152
-1.42643 0.485122 -0.150026
-1.40641 0.49015 -0.138446
-1.38639 0.494901 -0.126789
-1.36637 0.499378 -0.11506
-1.34635 0.503581 -0.103269
-1.32633 0.507512 -0.0914215
-1.30631 0.511174 -0.0795258
-1.28629 0.514568 -0.0675883
-1.26627 0.517697 -0.055616
-1.24625 0.520563 -0.0436155
-1.22623 0.523169 -0.0315932
-1.20621 0.525518 -0.0195553
-1.18619 0.527613 -0.00750797
-1.16617 0.529457 0.00454296
-1.14615 0.531053 0.0165918
-1.12613 0.532406 0.028633
-1.10611 0.533518 0.0406613
-1.08609 0.534394 0.0526716
-1.06607 0.535038 0.064659
-1.04605 0.535452 0.0766188
-1.02603 0.535642 0.0885464
-1.00601 0.535612 0.100438
-0.985986 0.535366 0.112289
-0.965966 0.534909 0.124095
-0.945946 0.534244 0.135853
-0.925926 0.533377 0.14756
-0.905906 0.532311 0.159212
-0.885886 0.531053 0.170807
-0.865866 0.529606 0.182341
-0.845846 0.527975 0.193811
-0.825826 0.526165 0.205216
-0.805806 0.524181 0.216553
-0.785786 0.522028 0.22782
-0.765766 0.51971 0.239015
-0.745746 0.517233 0.250137
-0.725726 0.514601 0.261184
-0.705706 0.51182 0.272155
-0.685686 0.508894 0.28305
-0.665666 0.505828 0.293866
-0.645646 0.502626 0.304604
-0.625626 0.499295 0.315263
-0.605606 0.495839 0.325844
-0.585586 0.492262 0.336345
-0.565566 0.48857 0.346767
-0.545546 0.484767 0.357111
-0.525526 0.480858 0.367376
-0.505506 0.476848 0.377564
-0.485485 0.472741 0.387676
-0.465465 0.468542 0.397712
-0.445445 0.464256 0.407674
-0.425425 0.459887 0.417564
-0.405405 0.455439 0.427382
-0.385385 0.450918 0.437131
-0.365365 0.446327 0.446812
-0.345345 0.44167 0.456428
-0.325325 0.436952 0.46598
-0.305305 0.432177 0.475472
-0.285285 0.42735 0.484906
-0.265265 0.422473 0.494284
-0.245245 0.417552 0.50361
-0.225225 0.412589 0.512886
-0.205205 0.40759 0.522116
-0.185185 0.402557 0.531303
-0.165165 0.397493 0.540451
-0.145145 0.392404 0.549563
-0.125125 0.387292 0.558643
-0.105105 0.38216 0.567695
-0.0850851 0.377012 0.576723
-0.0650651 0.371851 0.585731
-0.045045 0.366681 0.594724
-0.025025 0.361504 0.603707
-0.00500501 0.356323 0.612683
0.015015 0.351142 0.621658
0.035035 0.345963 0.630637
0.0550551 0.340788 0.639625
0.0750751 0.335622 0.648626
0.0950951 0.330465 0.657648
0.115115 0.325321 0.666694
0.135135 0.320191 0.675772
0.155155 0.315079 0.684885
0.175175 0.309987 0.694042
0.195195 0.304917 0.703247
0.215215 0.29987 0.712507
0.235235 0.294849 0.721829
0.255255 0.289856 0.731219
0.275275 0.284893 0.740683
0.295295 0.279961 0.75023
0.315315 0.275062 0.759865
0.335335 0.270198 0.769596
0.355355 0.26537 0.77943
0.375375 0.26058 0.789376
0.395395 0.255829 0.799441
0.415415 0.251119 0.809632
0.435435 0.246451 0.819958
0.455455 0.241825 0.830427
0.475475 0.237244 0.841047
0.495495 0.232708 0.851828
0.515516 0.228218 0.862778
0.535536 0.223775 0.873907
0.555556 0.219381 0.885223
0.575576 0.215035 0.896736
0.595596 0.210739 0.908456
0.615616 0.206493 0.920393
0.635636 0.202298 0.932557
0.655656 0.198154 0.944959
0.675676 0.194063 0.957609
0.695696 0.190024 0.970518
0.715716 0.186038 0.983698
0.735736 0.182105 0.99716
0.755756 0.178227 1.01092
0.775776 0.174402 1.02498
0.795796 0.170631 1.03936
0.815816 0.166915 1.05407
0.835836 0.163253 1.06913
0.855856 0.159647 1.08455
0.875876 0.156094 1.10033
0.895896 0.152597 1.11651
0.915916 0.149154 1.13308
0.935936 0.145767 1.15007
0.955956 0.142433 1.1675
0.975976 0.139155 1.18537
0.995996 0.135931 1.2037
1.01602 0.132761 1.22251
1.03604 0.129645 1.24183
1.05606 0.126583 1.26165
1.07608 0.123575 1.28202
1.0961 0.120619 1.30293
1.11612 0.117717 1.32442
1.13614 0.114868 1.3465
1.15616 0.112071 1.36919
1.17618 0.109325 1.39252
1.1962 0.106632 1.4165
1.21622 0.103989 1.44116
1.23624 0.101397 1.46653
1.25626 0.0988556 1.49262
1.27628 0.0963638 1.51947
1.2963 0.0939212 1.54709
1.31632 0.0915274 1.57551
1.33634 0.0891819 1.60477
1.35636 0.0868841 1.63488
1.37638 0.0846336 1.66589
1.3964 0.0824298 1.69781
1.41642 0.0802721 1.73069
1.43644 0.07816 1.76454
1.45646 0.0760929 1.79942
1.47648 0.0740702 1.83534
1.4965 0.0720913 1.87235
1.51652 0.0701557 1.91048
1.53654 0.0682627 1.94978
1.55656 0.0664118 1.99027
1.57658 0.0646023 2.03201
1.5966 0.0628336 2.07503
1.61662 0.0611051 2.11938
1.63664 0.0594162 2.1651
1.65666 0.0577663 2.21224
1.67668 0.0561547 2.26086
1.6967 0.0545809 2.31099
1.71672 0.0530442 2.36269
1.73674 0.051544 2.41602
1.75676 0.0500796 2.47103
1.77678 0.0486506 2.52778
1.7968 0.0472562 2.58633
1.81682 0.0458958 2.64674
1.83684 0.0445688 2.70908
1.85686 0.0432746 2.77342
1.87688 0.0420127 2.83982
1.8969 0.0407823 2.90836
1.91692 0.039583 2.97911
1.93694 0.0384141 3.05214
1.95696 0.037275 3.12755
1.97698 0.0361651 3.20541
1.997 0.0350839 3.28581
2.01702 0.0340307 3.36884
2.03704 0.0330051 3.4546
2.05706 0.0320065 3.54317
2.07708 0.0310342 3.63467
2.0971 0.0300877 3.72919
2.11712 0.0291666 3.82685
2.13714 0.0282702 3.92775
2.15716 0.027398 4.03202
2.17718 0.0265495 4.13978
2.1972 0.0257241 4.25115
2.21722 0.0249215 4.36626
2.23724 0.0241409 4.48526
2.25726 0.023382 4.60827
2.27728 0.0226443 4.73546
2.2973 0.0219272 4.86697
2.31732 0.0212304 5.00296
2.33734 0.0205532 5.1436
2.35736 0.0198953 5.28905
2.37738 0.0192562 5.43951
2.3974 0.0186355 5.59515
2.41742 0.0180326 5.75616
2.43744 0.0174473 5.92276
2.45746 0.0168789 6.09514
2.47748 0.0163272 6.27352
2.4975 0.0157917 6.45813
2.51752 0.0152721 6.64921
2.53754 0.0147678 6.847
2.55756 0.0142785 7.05176
2.57758 0.0138039 7.26374
2.5976 0.0133436 7.48323
2.61762 0.0128971 7.71051
2.63764 0.0124642 7.94588
2.65766 0.0120445 8.18966
2.67768 0.0116375 8.44215
2.6977 0.0112431 8.70371
2.71772 0.0108608 8.97468
2.73774 0.0104904 9.25543
2.75776 0.0101315 9.54633
2.77778 0.00978374 9.84779
2.7978 0.00944691 10.1602
2.81782 0.00912066 10.484
2.83784 0.00880472 10.8197
2.85786 0.0084988 11.1677
2.87788 0.00820261 11.5284
2.8979 0.00791588 11.9025
2.91792 0.00763835 12.2904
2.93794 0.00736975 12.6926
2.95796 0.00710983 13.1098
2.97798 0.00685833 13.5426
2.998 0.00661503 13.9915
3.01802 0.00637967 14.4573
3.03804 0.00615203 14.9405
3.05806 0.00593189 15.4419
3.07808 0.00571901 15.9623
3.0981 0.00551319 16.5023
3.11812 0.00531422 17.0628
3.13814 0.00512188 17.6447
3.15816 0.00493599 18.2488
3.17818 0.00475635 18.8759
3.1982 0.00458277 19.5272
3.21822 0.00441506 20.2034
3.23824 0.00425305 20.9057
3.25826 0.00409656 21.6352
3.27828 0.00394542 22.3929
3.2983 0.00379946 23.18
3.31832 0.00365853 23.9978
3.33834 0.00352246 24.8475
3.35836 0.0033911 25.7304
3.37838 0.00326431 26.648
3.3984 0.00314195 27.6017
3.41842 0.00302386 28.593
3.43844 0.00290991 29.6235
3.45846 0.00279997 30.6948
3.47848 0.00269392 31.8086
3.4985 0.00259162 32.9668
3.51852 0.00249296 34.1712
3.53854 0.00239781 35.4239
3.55856 0.00230607 36.7267
3.57858 0.00221761 38.082
3.5986 0.00213233 39.4919
3.61862 0.00205013 40.9588
3.63864 0.0019709 42.4851
3.65866 0.00189455 44.0733
3.67868 0.00182098 45.7262
3.6987 0.00175009 47.4465
3.71872 0.00168179 49.2372
3.73874 0.00161601 51.1013
3.75876 0.00155264 53.0419
3.77878 0.00149162 55.0625
3.7988 0.00143285 57.1665
3.81882 0.00137626 59.3575
3.83884 0.00132179 61.6394
3.85886 0.00126934 64.0161
3.87888 0.00121886 66.4919
3.8989 0.00117027 69.0711
3.91892 0.00112352 71.7582
3.93894 0.00107852 74.5581
3.95896 0.00103523 77.4757
3.97898 0.000993588 80.5162
3.999 0.000953526 83.6852
4.01902 0.000914993 86.9883
4.03904 0.000877934 90.4315
4.05906 0.000842296 94.0212
4.07908 0.000808028 97.7639
4.0991 0.000775082 101.666
4.11912 0.000743409 105.736
4.13914 0.000712964 109.98
4.15916 0.000683701 114.407
4.17918 0.000655579 119.024
4.1992 0.000628555 123.841
4.21922 0.000602588 128.866
4.23924 0.000577641 134.11
4.25926 0.000553675 139.581
4.27928 0.000530655 145.29
4.2993 0.000508545 151.249
4.31932 0.000487311 157.468
4.33934 0.000466921 163.96
4.35936 0.000447343 170.738
4.37938 0.000428547 177.813
4.3994 0.000410504 185.201
4.41942 0.000393184 192.915
4.43944 0.00037656 200.972
4.45946 0.000360607 209.385
4.47948 0.000345298 218.173
4.4995 0.00033061 227.353
4.51952 0.000316517 236.943
4.53954 0.000302999 246.963
4.55956 0.000290031 257.431
4.57958 0.000277594 268.371
4.5996 0.000265666 279.803
4.61962 0.000254228 291.75
4.63964 0.00024326 304.239
4.65966 0.000232745 317.293
4.67968 0.000222665 330.939
4.6997 0.000213003 345.207
4.71972 0.000203742 360.125
4.73974 0.000194866 375.724
4.75976 0.00018636 392.037
4.77978 0.00017821 409.098
4.7998 0.000170402 426.943
4.81982 0.000162921 445.61
4.83984 0.000155755 465.137
4.85986 0.000148892 485.567
4.87988 0.000142318 506.943
4.8999 0.000136023 529.311
4.91992 0.000129995 552.718
4.93994 0.000124223 577.216
4.95996 0.000118697 602.856
4.97998 0.000113408 629.696
5 0.000108344 657.792
