Initial A matrix ...
A =
  0.627   0.673   0.796   0.271 
  0.673   0.323   0.117   0.993 
  0.796   0.117   0.972   0.787 
  0.271   0.993   0.787   0.825 

D =
  0.627   0.673   0.796   0.271 
  0.673   0.323   0.117   0.993 
  0.796   0.117   0.972   0.787 
  0.271   0.993   0.787   0.825 

Decomposing D ...
V =
  0.417   0.715   0.329   0.455 
 -0.657   0.354  -0.516   0.420 
 -0.368  -0.420   0.625   0.546 
  0.508  -0.433  -0.484   0.565 

D =
 -0.806  -0.000   0.000   0.000 
 -0.000   0.328  -0.000   0.000 
  0.000  -0.000   0.684   0.000 
  0.000   0.000   0.000   2.540 

V*D*V' =
  0.627   0.673   0.796   0.271 
  0.673   0.323   0.117   0.993 
  0.796   0.117   0.972   0.787 
  0.271   0.993   0.787   0.825 



Calculating the first 3 eigenvalues of D, one at a time ...D = 
  0.512   0.066   0.993   0.849   0.251 
  0.066   0.097   0.177   0.767   0.186 
  0.993   0.177   0.558   0.118   0.268 
  0.849   0.767   0.118   0.162   0.707 
  0.251   0.186   0.268   0.707   0.261 

D =
 -1.130   0.000   0.000   0.000   0.000 
  0.000   0.790   0.901   0.459   0.482 
  0.000   0.901   0.658   0.214   0.335 
  0.000   0.459   0.214   0.846   0.571 
  0.000   0.482   0.335   0.571   0.426 

D =
 -1.130   0.000   0.000   0.000   0.000 
  0.000  -0.206  -0.000  -0.000   0.000 
  0.000  -0.000   1.629   0.476   0.580 
  0.000  -0.000   0.476   0.870   0.577 
  0.000   0.000   0.580   0.577   0.427 

D =
 -1.130   0.000   0.000   0.000   0.000 
  0.000  -0.206  -0.000  -0.000   0.000 
  0.000  -0.000  -0.005   0.000   0.000 
  0.000  -0.000   0.000   2.084   0.403 
  0.000   0.000   0.000   0.403   0.847 



Number of rotations for full cyclic sweep: 60
Total number of rotations for single row sweeps: 160
