-3 -0.999978 -1.00022 0.000139253 0.00576747 3 -0
-2.97 -0.999973 -1.00007 0.000166566 0.00426548 2.97 -0.0300041
-2.94 -0.999968 -0.999957 0.000198878 0.0029724 2.94 -0.0600043
-2.91 -0.999961 -0.999885 0.000237031 0.00189541 2.91001 -0.0900019
-2.88 -0.999954 -0.999841 0.000281996 0.0010345 2.88001 -0.119998
-2.85 -0.999944 -0.999821 0.000334887 0.000383399 2.85001 -0.149993
-2.82 -0.999933 -0.999817 0.000396983 -6.9423e-05 2.82001 -0.179987
-2.79 -0.99992 -0.999823 0.000469746 -0.000339708 2.79001 -0.209982
-2.76 -0.999905 -0.999835 0.000554847 -0.000446315 2.76002 -0.239977
-2.73 -0.999887 -0.999848 0.000654187 -0.000410134 2.73002 -0.269972
-2.7 -0.999866 -0.999859 0.000769925 -0.000253028 2.70002 -0.299967
-2.67 -0.999841 -0.999863 0.000904509 3.1688e-06 2.67003 -0.329963
-2.64 -0.999811 -0.999858 0.00106071 0.000337568 2.64003 -0.359959
-2.61 -0.999777 -0.999842 0.00124165 0.000731039 2.61004 -0.389955
-2.58 -0.999736 -0.999813 0.00145083 0.0011669 2.58005 -0.41995
-2.55 -0.999689 -0.999771 0.00169221 0.0016315 2.55005 -0.449943
-2.52 -0.999635 -0.999715 0.0019702 0.00211461 2.52006 -0.479936
-2.49 -0.999571 -0.999644 0.00228974 0.00260971 2.49008 -0.509926
-2.46 -0.999497 -0.999559 0.00265631 0.00311413 2.46009 -0.539914
-2.43 -0.999411 -0.999458 0.00307602 0.00362907 2.43011 -0.569899
-2.4 -0.999311 -0.999341 0.00355565 0.00415946 2.40013 -0.599881
-2.37 -0.999197 -0.999208 0.00410267 0.00471374 2.37015 -0.62986
-2.34 -0.999065 -0.999058 0.00472533 0.00530356 2.34017 -0.659834
-2.31 -0.998912 -0.998889 0.00543271 0.00594337 2.3102 -0.689803
-2.28 -0.998738 -0.9987 0.00623474 0.00665003 2.28024 -0.719767
-2.25 -0.998537 -0.998489 0.00714232 0.00744231 2.25028 -0.749725
-2.22 -0.998308 -0.998253 0.00816729 0.0083405 2.22033 -0.779676
-2.19 -0.998046 -0.997987 0.00932256 0.0093659 2.19038 -0.80962
-2.16 -0.997747 -0.997689 0.0106221 0.0105405 2.16044 -0.839555
-2.13 -0.997407 -0.997353 0.012081 0.0118864 2.13052 -0.869481
-2.1 -0.997021 -0.996974 0.0137156 0.0134261 2.1006 -0.899396
-2.07 -0.996582 -0.996546 0.0155434 0.0151815 2.0707 -0.929299
-2.04 -0.996086 -0.996061 0.0175831 0.0171744 2.04081 -0.959188
-2.01 -0.995525 -0.995513 0.0198546 0.0194261 2.01093 -0.989062
-1.98 -0.994892 -0.994893 0.0223793 0.0219578 1.98108 -1.01892
-1.95 -0.994179 -0.994192 0.0251797 0.0247902 1.95124 -1.04875
-1.92 -0.993378 -0.993402 0.0282795 0.0279441 1.92143 -1.07857
-1.89 -0.992479 -0.992512 0.0317038 0.0314404 1.89164 -1.10836
-1.86 -0.991472 -0.991512 0.0354789 0.0353002 1.86188 -1.13812
-1.83 -0.990347 -0.99039 0.039632 0.0395456 1.83215 -1.16785
-1.8 -0.989091 -0.989135 0.0441917 0.0441993 1.80246 -1.19754
-1.77 -0.987691 -0.987734 0.0491874 0.0492851 1.77281 -1.22719
-1.74 -0.986135 -0.986173 0.0546494 0.0548283 1.7432 -1.2568
-1.71 -0.984407 -0.984439 0.0606086 0.0608554 1.71364 -1.28636
-1.68 -0.982493 -0.982517 0.0670969 0.0673945 1.68414 -1.31587
-1.65 -0.980376 -0.98039 0.0741461 0.0744752 1.65469 -1.34531
-1.62 -0.978038 -0.978043 0.0817886 0.0821286 1.62532 -1.37469
-1.59 -0.975462 -0.975456 0.0900565 0.0903867 1.59601 -1.40399
-1.56 -0.972628 -0.972613 0.098982 0.0992826 1.56679 -1.43321
-1.53 -0.969516 -0.969493 0.108596 0.10885 1.53766 -1.46235
-1.5 -0.966105 -0.966075 0.11893 0.119123 1.50862 -1.49138
-1.47 -0.962373 -0.962338 0.130013 0.130134 1.47969 -1.52031
-1.44 -0.958297 -0.958259 0.141874 0.141917 1.45088 -1.54912
-1.41 -0.953852 -0.953815 0.154538 0.154502 1.4222 -1.5778
-1.38 -0.949016 -0.948981 0.168029 0.167918 1.39366 -1.60634
-1.35 -0.943762 -0.943731 0.18237 0.18219 1.36526 -1.63473
-1.32 -0.938065 -0.938041 0.197579 0.197343 1.33704 -1.66296
-1.29 -0.931899 -0.931882 0.213671 0.213393 1.30898 -1.69101
-1.26 -0.925236 -0.925228 0.230658 0.230355 1.28113 -1.71887
-1.23 -0.91805 -0.918051 0.248548 0.248239 1.25348 -1.74652
-1.2 -0.910314 -0.910324 0.267344 0.267047 1.22605 -1.77395
-1.17 -0.902 -0.902019 0.287045 0.286777 1.19886 -1.80113
-1.14 -0.893082 -0.893109 0.307642 0.30742 1.17193 -1.82806
-1.11 -0.883533 -0.883565 0.329125 0.328962 1.14528 -1.85471
-1.08 -0.873326 -0.873362 0.351475 0.35138 1.11893 -1.88107
-1.05 -0.862436 -0.862474 0.374667 0.374647 1.09289 -1.90711
-1.02 -0.850838 -0.850875 0.398671 0.398728 1.06719 -1.93281
-0.99 -0.838508 -0.838542 0.423451 0.423581 1.04185 -1.95815
-0.96 -0.825424 -0.825453 0.448962 0.449158 1.01689 -1.98312
-0.93 -0.811564 -0.811586 0.475153 0.475405 0.992331 -2.00767
-0.9 -0.796908 -0.796923 0.501969 0.502262 0.968202 -2.0318
-0.87 -0.78144 -0.781445 0.529343 0.529661 0.944524 -2.05548
-0.84 -0.765143 -0.765138 0.557207 0.557532 0.921324 -2.07868
-0.81 -0.748003 -0.747989 0.585483 0.585796 0.898624 -2.10138
-0.78 -0.73001 -0.729987 0.614088 0.61437 0.876452 -2.12355
-0.75 -0.711156 -0.711125 0.642931 0.643167 0.854832 -2.14517
-0.72 -0.691433 -0.691396 0.671919 0.672094 0.833791 -2.16621
-0.69 -0.67084 -0.670799 0.700951 0.701054 0.813355 -2.18665
-0.66 -0.649377 -0.649334 0.729922 0.729946 0.79355 -2.20645
-0.63 -0.627046 -0.627004 0.758724 0.758666 0.774401 -2.2256
-0.6 -0.603856 -0.603816 0.787243 0.787107 0.755935 -2.24406
-0.57 -0.579816 -0.579781 0.815366 0.815156 0.738178 -2.26182
-0.54 -0.554939 -0.554912 0.842975 0.842702 0.721155 -2.27884
-0.51 -0.529244 -0.529225 0.869952 0.869629 0.70489 -2.2951
-0.48 -0.50275 -0.502742 0.896177 0.895822 0.689408 -2.31059
-0.45 -0.475482 -0.475485 0.921532 0.921164 0.674733 -2.32526
-0.42 -0.447468 -0.447482 0.945901 0.945539 0.660887 -2.33911
-0.39 -0.418739 -0.418763 0.969168 0.968832 0.647892 -2.3521
-0.36 -0.38933 -0.389364 0.991221 0.990931 0.635769 -2.36423
-0.33 -0.359279 -0.35932 1.01195 1.01172 0.624539 -2.37546
-0.3 -0.328627 -0.328674 1.03126 1.03111 0.614218 -2.38578
-0.27 -0.297418 -0.297469 1.04905 1.04898 0.604826 -2.39517
-0.24 -0.2657 -0.265751 1.06522 1.06524 0.596378 -2.40362
-0.21 -0.233522 -0.233571 1.0797 1.07981 0.588889 -2.41111
-0.18 -0.200936 -0.20098 1.09241 1.09261 0.582371 -2.41763
-0.15 -0.167996 -0.168033 1.10327 1.10355 0.576836 -2.42317
-0.12 -0.134758 -0.134786 1.11225 1.11259 0.572294 -2.42771
-0.09 -0.101281 -0.101298 1.11928 1.11967 0.568753 -2.43125
-0.06 -0.0676216 -0.0676264 1.12432 1.12474 0.566219 -2.43379
-0.03 -0.0338412 -0.0338333 1.12736 1.12779 0.564697 -2.43531
0 0 2.05131e-05 1.12838 1.12879 0.56419 -2.43582
0.03 0.0338412 0.0338735 1.12736 1.12774 0.564697 -2.43531
0.06 0.0676216 0.0676643 1.12432 1.12464 0.566219 -2.43379
0.09 0.101281 0.101332 1.11928 1.11952 0.568753 -2.43125
0.12 0.134758 0.134815 1.11225 1.1124 0.572294 -2.42771
0.15 0.167996 0.168056 1.10327 1.10333 0.576836 -2.42316
0.18 0.200936 0.200996 1.09241 1.09236 0.582371 -2.41763
0.21 0.233522 0.233579 1.0797 1.07955 0.588889 -2.41111
0.24 0.2657 0.265751 1.06522 1.06497 0.596378 -2.40362
0.27 0.297418 0.297461 1.04905 1.04871 0.604826 -2.39517
0.3 0.328627 0.328658 1.03126 1.03086 0.614218 -2.38577
0.33 0.359279 0.359297 1.01195 1.0115 0.624539 -2.37545
0.36 0.38933 0.389334 0.991221 0.990741 0.635769 -2.36422
0.39 0.418739 0.418729 0.969168 0.968683 0.647892 -2.3521
0.42 0.447468 0.447443 0.945901 0.945437 0.660887 -2.3391
0.45 0.475482 0.475444 0.921532 0.921113 0.674733 -2.32526
0.48 0.50275 0.5027 0.896177 0.895824 0.689408 -2.31059
0.51 0.529244 0.529185 0.869952 0.869685 0.70489 -2.29511
0.54 0.554939 0.554874 0.842975 0.842809 0.721155 -2.27884
0.57 0.579816 0.579747 0.815366 0.81531 0.738178 -2.26182
0.6 0.603856 0.603788 0.787243 0.787302 0.755935 -2.24407
0.63 0.627046 0.626981 0.758724 0.758896 0.774401 -2.2256
0.66 0.649377 0.649318 0.729922 0.7302 0.79355 -2.20646
0.69 0.67084 0.670792 0.700951 0.701323 0.813355 -2.18665
0.72 0.691433 0.691397 0.671919 0.672368 0.833791 -2.16622
0.75 0.711156 0.711134 0.642931 0.643435 0.854832 -2.14518
0.78 0.73001 0.730004 0.614088 0.614622 0.876452 -2.12356
0.81 0.748003 0.748013 0.585483 0.586021 0.898624 -2.10139
0.84 0.765143 0.765169 0.557207 0.557723 0.921324 -2.07869
0.87 0.78144 0.781481 0.529343 0.529809 0.944524 -2.05548
0.9 0.796908 0.796962 0.501969 0.502361 0.968202 -2.0318
0.93 0.811564 0.811628 0.475153 0.475452 0.992331 -2.00767
0.96 0.825424 0.825495 0.448962 0.44915 1.01689 -1.98312
0.99 0.838508 0.838583 0.423451 0.423518 1.04185 -1.95815
1.02 0.850838 0.850913 0.398671 0.398613 1.06719 -1.93281
1.05 0.862436 0.862508 0.374667 0.374484 1.09289 -1.9071
1.08 0.873326 0.873391 0.351475 0.351174 1.11893 -1.88106
1.11 0.883533 0.883587 0.329125 0.328722 1.14528 -1.85471
1.14 0.893082 0.893123 0.307642 0.307154 1.17193 -1.82806
1.17 0.902 0.902025 0.287045 0.286496 1.19886 -1.80113
1.2 0.910314 0.910322 0.267344 0.266762 1.22605 -1.77394
1.23 0.91805 0.91804 0.248548 0.247961 1.25348 -1.74651
1.26 0.925236 0.925209 0.230658 0.230095 1.28113 -1.71886
1.29 0.931899 0.931855 0.213671 0.213161 1.30898 -1.69101
1.32 0.938065 0.938008 0.197579 0.197148 1.33704 -1.66296
1.35 0.943762 0.943693 0.18237 0.182041 1.36526 -1.63473
1.38 0.949016 0.948939 0.168029 0.16782 1.39366 -1.60634
1.41 0.953852 0.953771 0.154538 0.15446 1.4222 -1.5778
1.44 0.958297 0.958215 0.141874 0.141933 1.45088 -1.54912
1.47 0.962373 0.962295 0.130013 0.130208 1.47969 -1.52031
1.5 0.966105 0.966035 0.11893 0.119252 1.50862 -1.49138
1.53 0.969516 0.969457 0.108596 0.10903 1.53766 -1.46235
1.56 0.972628 0.972584 0.098982 0.0995067 1.56679 -1.43322
1.59 0.975462 0.975434 0.0900565 0.0906466 1.59601 -1.404
1.62 0.978038 0.978029 0.0817886 0.0824146 1.62532 -1.3747
1.65 0.980376 0.980385 0.0741461 0.0747763 1.65469 -1.34532
1.68 0.982493 0.982521 0.0670969 0.0676988 1.68414 -1.31587
1.71 0.984407 0.984452 0.0606086 0.0611508 1.71364 -1.28637
1.74 0.986135 0.986195 0.0546494 0.055103 1.7432 -1.25681
1.77 0.987691 0.987763 0.0491874 0.0495279 1.77281 -1.2272
1.8 0.989091 0.989171 0.0441917 0.0444 1.80246 -1.19754
1.83 0.990347 0.990432 0.039632 0.0396955 1.83215 -1.16785
1.86 0.991472 0.991557 0.0354789 0.0353925 1.86188 -1.13812
1.89 0.992479 0.992559 0.0317038 0.0314704 1.89164 -1.10836
1.92 0.993378 0.993449 0.0282795 0.0279095 1.92143 -1.07857
1.95 0.994179 0.994237 0.0251797 0.0246913 1.95124 -1.04875
1.98 0.994892 0.994934 0.0223793 0.0217973 1.98108 -1.01891
2.01 0.995525 0.995548 0.0198546 0.0192093 2.01093 -0.989057
2.04 0.996086 0.996089 0.0175831 0.016909 2.04081 -0.959182
2.07 0.996582 0.996565 0.0155434 0.0148775 2.0707 -0.929292
2.1 0.997021 0.996984 0.0137156 0.0130951 2.1006 -0.899389
2.13 0.997407 0.997353 0.012081 0.0115416 2.13052 -0.869474
2.16 0.997747 0.997679 0.0106221 0.0101958 2.16044 -0.839548
2.19 0.998046 0.997967 0.00932256 0.00903614 2.19038 -0.809613
2.22 0.998308 0.998222 0.00816729 0.0080401 2.22033 -0.779671
2.25 0.998537 0.998451 0.00714232 0.00718516 2.25028 -0.74972
2.28 0.998738 0.998655 0.00623474 0.00644877 2.28024 -0.719764
2.31 0.998912 0.998838 0.00543271 0.00580892 2.3102 -0.689801
2.34 0.999065 0.999004 0.00472533 0.00524455 2.34017 -0.659834
2.37 0.999197 0.999154 0.00410267 0.00473606 2.37015 -0.629861
2.4 0.999311 0.999289 0.00355565 0.00426587 2.40013 -0.599885
2.43 0.999411 0.99941 0.00307602 0.00381889 2.43011 -0.569904
2.46 0.999497 0.999518 0.00265631 0.00338298 2.46009 -0.53992
2.49 0.999571 0.999613 0.00228974 0.00294944 2.49008 -0.509933
2.52 0.999635 0.999695 0.0019702 0.00251325 2.52006 -0.479943
2.55 0.999689 0.999764 0.00169221 0.00207336 2.55005 -0.449952
2.58 0.999736 0.999819 0.00145083 0.00163275 2.58005 -0.419958
2.61 0.999777 0.999862 0.00124165 0.00119842 2.61004 -0.389963
2.64 0.999811 0.999891 0.00106071 0.000781232 2.64003 -0.359966
2.67 0.999841 0.999909 0.000904509 0.000395524 2.67003 -0.329969
2.7 0.999866 0.999915 0.000769925 5.86713e-05 2.70002 -0.299972
2.73 0.999887 0.999913 0.000654187 -0.00020956 2.73002 -0.269974
2.76 0.999905 0.999904 0.000554847 -0.000387774 2.76002 -0.239977
2.79 0.99992 0.999891 0.000469746 -0.000453832 2.79001 -0.20998
2.82 0.999933 0.999878 0.000396983 -0.000385837 2.82001 -0.179984
2.85 0.999944 0.999869 0.000334887 -0.000163194 2.85001 -0.149987
2.88 0.999954 0.99987 0.000281996 0.000232285 2.88001 -0.119991
2.91 0.999961 0.999885 0.000237031 0.000815248 2.91001 -0.0899951
2.94 0.999968 0.999921 0.000198878 0.0015957 2.94 -0.0599981
2.97 0.999973 0.999983 0.000166566 0.00257793 2.97 -0.0299996
3 0.999978 1.00008 0.000139253 0.00375954 3 1.24359e-06
