0 1 0 
0.01 0.99995 -0.00999483 
0.0228308 0.999739 -0.0228028 
0.03737 0.999303 -0.0372915 
0.052854 0.998606 -0.05269 
0.0688421 0.997636 -0.0685514 
0.0850987 0.996391 -0.0846353 
0.101503 0.99487 -0.100816 
0.117995 0.993073 -0.117029 
0.134545 0.991002 -0.13324 
0.151139 0.988657 -0.149432 
0.167773 0.986036 -0.165594 
0.184444 0.983141 -0.181719 
0.201154 0.97997 -0.197804 
0.217903 0.976522 -0.213844 
0.234695 0.972797 -0.229838 
0.251531 0.968793 -0.245782 
0.268414 0.964509 -0.261674 
0.285347 0.959944 -0.277511 
0.302332 0.955096 -0.293291 
0.319374 0.949964 -0.309011 
0.336474 0.944545 -0.324667 
0.353636 0.938839 -0.340259 
0.370864 0.932843 -0.355782 
0.388161 0.926555 -0.371235 
0.40553 0.919974 -0.386613 
0.422976 0.913095 -0.401915 
0.440501 0.905918 -0.417137 
0.45811 0.898439 -0.432276 
0.475808 0.890655 -0.447329 
0.493598 0.882563 -0.462294 
0.511486 0.874161 -0.477165 
0.529475 0.865443 -0.491941 
0.547572 0.856408 -0.506618 
0.565781 0.847049 -0.521192 
0.584109 0.837364 -0.535659 
0.60256 0.827348 -0.550016 
0.621142 0.816995 -0.564258 
0.639861 0.8063 -0.578382 
0.658724 0.795257 -0.592384 
0.677739 0.783861 -0.606258 
0.696913 0.772104 -0.62 
0.716257 0.759979 -0.633605 
0.735725 0.747512 -0.647033 
0.755035 0.734891 -0.660084 
0.774198 0.722121 -0.672767 
0.793219 0.709206 -0.685089 
0.812108 0.696152 -0.697057 
0.830871 0.682963 -0.708676 
0.849515 0.669645 -0.719954 
0.868046 0.656202 -0.730894 
0.88647 0.642638 -0.741503 
0.904793 0.628957 -0.751785 
0.92302 0.615163 -0.761744 
0.941156 0.601259 -0.771384 
0.959206 0.587251 -0.78071 
0.977175 0.573141 -0.789725 
0.995067 0.558933 -0.798432 
1.01289 0.54463 -0.806834 
1.03064 0.530235 -0.814935 
1.04832 0.515753 -0.822736 
1.06595 0.501185 -0.830242 
1.08352 0.486536 -0.837453 
1.10103 0.471808 -0.844372 
1.1185 0.457003 -0.851002 
1.13591 0.442126 -0.857345 
1.15328 0.427179 -0.863401 
1.17062 0.412164 -0.869173 
1.18791 0.397085 -0.874663 
1.20517 0.381944 -0.879871 
1.2224 0.366743 -0.8848 
1.23959 0.351486 -0.88945 
1.25677 0.336175 -0.893823 
1.27391 0.320813 -0.89792 
1.29104 0.305401 -0.901741 
1.30815 0.289943 -0.905288 
1.32524 0.274441 -0.908561 
1.34232 0.258897 -0.911561 
1.35939 0.243315 -0.914289 
1.37645 0.227695 -0.916745 
1.3935 0.212041 -0.918929 
1.41055 0.196356 -0.920843 
1.42761 0.18064 -0.922485 
1.44466 0.164899 -0.923857 
1.46171 0.149136 -0.924958 
1.47876 0.133354 -0.925788 
1.49582 0.117555 -0.926349 
1.51289 0.101744 -0.926639 
1.52996 0.0859204 -0.926658 
1.54705 0.0700883 -0.926408 
1.56415 0.0542496 -0.925887 
1.58127 0.0384066 -0.925096 
1.59841 0.0225616 -0.924033 
1.61557 0.00671694 -0.9227 
1.63275 -0.00912506 -0.921095 
1.64996 -0.0249621 -0.919218 
1.6672 -0.0407918 -0.917068 
1.68447 -0.0566118 -0.914645 
1.70178 -0.0724198 -0.911947 
1.71913 -0.0882134 -0.908974 
1.73652 -0.10399 -0.905725 
1.75395 -0.119748 -0.902199 
1.77143 -0.135484 -0.898395 
1.78895 -0.151195 -0.894311 
1.80654 -0.166881 -0.889946 
1.82417 -0.182537 -0.885299 
1.84187 -0.198161 -0.880368 
1.85963 -0.213751 -0.87515 
1.87746 -0.229305 -0.869646 
1.89536 -0.244818 -0.863851 
1.91333 -0.26029 -0.857764 
1.93138 -0.275717 -0.851384 
1.94952 -0.291095 -0.844706 
1.96774 -0.306424 -0.837729 
1.98605 -0.321698 -0.83045 
2.00446 -0.336917 -0.822866 
2.02297 -0.352075 -0.814973 
2.04159 -0.367171 -0.806768 
2.06031 -0.382202 -0.798247 
2.07916 -0.397163 -0.789406 
2.09813 -0.412052 -0.780242 
2.11723 -0.426865 -0.770748 
2.13647 -0.441599 -0.76092 
2.15585 -0.456249 -0.750753 
2.17539 -0.470813 -0.740241 
2.19508 -0.485286 -0.729378 
2.21495 -0.499664 -0.718157 
2.23499 -0.513943 -0.70657 
2.25523 -0.528118 -0.69461 
2.27566 -0.542186 -0.682268 
2.29631 -0.556141 -0.669534 
2.31696 -0.569837 -0.656534 
2.33743 -0.583138 -0.643406 
2.35771 -0.596054 -0.630156 
2.37782 -0.608593 -0.616788 
2.39777 -0.620764 -0.603307 
2.41757 -0.632574 -0.589718 
2.43722 -0.644031 -0.576026 
2.45674 -0.655141 -0.562235 
2.47614 -0.665909 -0.548349 
2.49541 -0.676342 -0.534372 
2.51456 -0.686444 -0.520308 
2.53361 -0.69622 -0.506161 
2.55256 -0.705676 -0.491934 
2.57141 -0.714814 -0.477631 
2.59017 -0.72364 -0.463256 
2.60884 -0.732156 -0.448812 
2.62743 -0.740365 -0.434301 
2.64595 -0.748272 -0.419728 
2.66439 -0.755879 -0.405096 
2.68277 -0.763188 -0.390407 
2.70108 -0.770203 -0.375664 
2.71934 -0.776925 -0.360871 
2.73754 -0.783357 -0.34603 
2.75568 -0.789501 -0.331144 
2.77378 -0.795359 -0.316217 
2.79183 -0.800933 -0.301249 
2.80985 -0.806224 -0.286246 
2.82782 -0.811234 -0.271208 
2.84576 -0.815964 -0.256139 
2.86367 -0.820416 -0.241041 
2.88155 -0.824591 -0.225917 
2.8994 -0.828489 -0.21077 
2.91723 -0.832112 -0.195601 
2.93505 -0.835461 -0.180414 
2.95284 -0.838536 -0.16521 
2.97063 -0.841339 -0.149993 
2.9884 -0.843869 -0.134765 
3.00616 -0.846128 -0.119528 
3.02392 -0.848115 -0.104285 
3.04168 -0.849831 -0.0890375 
3.05944 -0.851277 -0.0737892 
3.07719 -0.852452 -0.0585445 
3.09495 -0.853356 -0.0433068 
3.11271 -0.85399 -0.0280791 
3.13048 -0.854353 -0.0128639 
3.14826 -0.854447 0.0023361 
3.16605 -0.85427 0.0175185 
3.18386 -0.853823 0.0326809 
3.20168 -0.853105 0.0478208 
3.21953 -0.852117 0.0629358 
3.23739 -0.850858 0.0780234 
3.25529 -0.849327 0.0930812 
3.27321 -0.847524 0.108107 
3.29116 -0.845448 0.123097 
3.30915 -0.843099 0.138051 
3.32718 -0.840476 0.152964 
3.34525 -0.837577 0.167835 
3.36336 -0.834402 0.182661 
3.38152 -0.83095 0.19744 
3.39974 -0.82722 0.212168 
3.41801 -0.82321 0.226843 
3.43633 -0.818918 0.241462 
3.45472 -0.814343 0.256023 
3.47318 -0.809484 0.270522 
3.49171 -0.804338 0.284957 
3.51031 -0.798904 0.299325 
3.52899 -0.793179 0.313622 
3.54775 -0.787161 0.327846 
3.5666 -0.780847 0.341994 
3.58554 -0.774235 0.356062 
3.60458 -0.767322 0.370046 
3.62372 -0.760105 0.383945 
3.64298 -0.75258 0.397754 
3.66234 -0.744744 0.411469 
3.68183 -0.736593 0.425087 
3.70144 -0.728123 0.438604 
3.72119 -0.719329 0.452016 
3.74108 -0.710207 0.46532 
3.76111 -0.700751 0.47851 
3.78131 -0.690955 0.491582 
3.80167 -0.680815 0.504533 
3.8222 -0.670322 0.517356 
3.84292 -0.659471 0.530048 
3.86384 -0.648253 0.542603 
3.88486 -0.636712 0.55496 
3.90571 -0.625016 0.566943 
3.92639 -0.613173 0.57856 
3.94691 -0.601187 0.589819 
3.96727 -0.589064 0.600726 
3.98749 -0.576809 0.611289 
4.00758 -0.564427 0.621513 
4.02754 -0.551923 0.631403 
4.04738 -0.5393 0.640966 
4.06711 -0.526564 0.650206 
4.08673 -0.513719 0.659127 
4.10625 -0.500768 0.667734 
4.12567 -0.487716 0.67603 
4.14501 -0.474566 0.684019 
4.16426 -0.461322 0.691704 
4.18344 -0.447987 0.699088 
4.20254 -0.434566 0.706175 
4.22157 -0.421061 0.712967 
4.24054 -0.407476 0.719466 
4.25944 -0.393814 0.725675 
4.27829 -0.380078 0.731596 
4.29709 -0.366271 0.73723 
4.31584 -0.352397 0.742581 
4.33455 -0.338458 0.747649 
4.35322 -0.324457 0.752436 
4.37185 -0.310397 0.756943 
4.39044 -0.296281 0.761173 
4.40901 -0.282112 0.765125 
4.42755 -0.267892 0.768801 
4.44607 -0.253625 0.772203 
4.46456 -0.239312 0.775331 
4.48304 -0.224956 0.778185 
4.50151 -0.210561 0.780767 
4.51997 -0.196129 0.783077 
4.53842 -0.181661 0.785115 
4.55686 -0.167162 0.786883 
4.57531 -0.152632 0.788379 
4.59376 -0.138078 0.789605 
4.6122 -0.123503 0.79056 
4.63066 -0.10891 0.791245 
4.64911 -0.0943012 0.791659 
4.66758 -0.0796806 0.791803 
4.68606 -0.0650502 0.791677 
4.70455 -0.0504126 0.791281 
4.72306 -0.0357702 0.790615 
4.7416 -0.0211257 0.789677 
4.76015 -0.00648154 0.788469 
4.77874 0.00815983 0.786989 
4.79736 0.0227959 0.785237 
4.81601 0.037424 0.783212 
4.8347 0.0520417 0.780914 
4.85343 0.0666465 0.778342 
4.87221 0.0812356 0.775495 
4.89104 0.0958066 0.772371 
4.90992 0.110357 0.768969 
4.92885 0.124884 0.765289 
4.94785 0.139384 0.761329 
4.96691 0.153856 0.757087 
4.98604 0.168296 0.752561 
5.00524 0.182702 0.74775 
5.02453 0.197071 0.742652 
5.04389 0.211399 0.737264 
5.06334 0.225685 0.731584 
5.08288 0.239924 0.72561 
5.10252 0.254115 0.719339 
5.12227 0.268253 0.712768 
5.14212 0.282336 0.705894 
5.16209 0.296361 0.698713 
5.18218 0.310323 0.691222 
5.2024 0.32422 0.683417 
5.22275 0.338049 0.675294 
5.24325 0.351805 0.666848 
5.2639 0.365484 0.658074 
5.28471 0.379084 0.648966 
5.30569 0.3926 0.63952 
5.32685 0.406027 0.629728 
5.34819 0.419362 0.619585 
5.36974 0.4326 0.609081 
5.3915 0.445737 0.59821 
5.41349 0.458767 0.586962 
5.43572 0.471686 0.575328 
5.45811 0.484436 0.563347 
5.48028 0.496789 0.551236 
5.50223 0.508756 0.539002 
5.52398 0.520347 0.526649 
5.54555 0.53157 0.514184 
5.56694 0.542433 0.501612 
5.58816 0.552945 0.488936 
5.60923 0.563111 0.476163 
5.63015 0.572938 0.463296 
5.65093 0.582433 0.45034 
5.67159 0.591599 0.437299 
5.69212 0.600443 0.424176 
5.71254 0.608969 0.410977 
5.73285 0.617181 0.397704 
5.75305 0.625084 0.384361 
5.77317 0.63268 0.370952 
5.79319 0.639973 0.35748 
5.81313 0.646967 0.343949 
5.83299 0.653663 0.330362 
5.85278 0.660066 0.316722 
5.87251 0.666178 0.303032 
5.89217 0.672 0.289296 
5.91177 0.677536 0.275516 
5.93131 0.682786 0.261695 
5.95081 0.687753 0.247837 
5.97026 0.692439 0.233944 
5.98967 0.696845 0.22002 
6.00905 0.700972 0.206066 
6.02839 0.704823 0.192086 
6.0477 0.708397 0.178082 
6.06699 0.711696 0.164058 
6.08625 0.714721 0.150015 
6.1055 0.717473 0.135958 
6.12473 0.719952 0.121887 
6.14395 0.72216 0.107806 
6.16316 0.724096 0.0937182 
6.18237 0.725761 0.0796251 
6.20158 0.727155 0.0655298 
6.22079 0.728278 0.0514374 
6.24001 0.729131 0.0373518 
6.25922 0.729713 0.0232763 
6.27845 0.730026 0.00921373 
6.29768 0.730068 -0.00483309 
6.31693 0.729839 -0.0188615 
6.3362 0.729341 -0.0328688 
6.35548 0.728572 -0.0468525 
6.3748 0.727532 -0.0608097 
6.39414 0.726221 -0.074738 
6.41351 0.724638 -0.0886346 
6.43292 0.722783 -0.102497 
6.45237 0.720655 -0.116322 
6.47187 0.718253 -0.130107 
6.49141 0.715576 -0.14385 
6.511 0.712623 -0.157547 
6.53065 0.709392 -0.171196 
6.55036 0.705884 -0.184794 
6.57014 0.702095 -0.198338 
6.58999 0.698025 -0.211825 
6.60991 0.693671 -0.225251 
6.62991 0.689032 -0.238614 
6.64999 0.684106 -0.251911 
6.67016 0.67889 -0.265138 
6.69043 0.673382 -0.278293 
6.7108 0.66758 -0.291371 
6.73128 0.66148 -0.304369 
6.75187 0.65508 -0.317284 
6.77258 0.648375 -0.330112 
6.79342 0.641363 -0.342849 
6.81439 0.63404 -0.355491 
6.83551 0.626401 -0.368035 
6.85677 0.618441 -0.380476 
6.8782 0.610157 -0.392809 
6.89979 0.601542 -0.405031 
6.92157 0.592591 -0.417136 
6.94353 0.583297 -0.429121 
6.9657 0.573654 -0.440978 
6.98807 0.563653 -0.452704 
7.01068 0.553288 -0.464293 
7.0334 0.542608 -0.475676 
7.05591 0.531775 -0.486687 
7.07823 0.520795 -0.497333 
7.10036 0.509674 -0.507624 
7.12232 0.498418 -0.517567 
7.14411 0.487032 -0.527168 
7.16576 0.475522 -0.536433 
7.18726 0.463892 -0.545369 
7.20862 0.452147 -0.553981 
7.22987 0.440291 -0.562274 
7.25099 0.42833 -0.570252 
7.272 0.416267 -0.577919 
7.29291 0.404106 -0.585279 
7.31372 0.391852 -0.592336 
7.33444 0.379507 -0.599094 
7.35508 0.367077 -0.605554 
7.37563 0.354565 -0.61172 
7.39612 0.341973 -0.617595 
7.41653 0.329307 -0.623182 
7.43689 0.316568 -0.628481 
7.45719 0.30376 -0.633496 
7.47743 0.290887 -0.638227 
7.49763 0.277952 -0.642678 
7.51778 0.264957 -0.646849 
7.53789 0.251907 -0.650743 
7.55797 0.238803 -0.654359 
7.57802 0.225649 -0.6577 
7.59805 0.212448 -0.660766 
7.61805 0.199203 -0.663558 
7.63804 0.185916 -0.666078 
7.65801 0.17259 -0.668325 
7.67797 0.159229 -0.670301 
7.69793 0.145834 -0.672006 
7.71788 0.132409 -0.673439 
7.73784 0.118959 -0.674602 
7.75779 0.105487 -0.675495 
7.77775 0.0919966 -0.676116 
7.79772 0.0784921 -0.676468 
7.8177 0.064976 -0.676549 
7.83769 0.0514511 -0.676361 
7.8577 0.03792 -0.675902 
7.87774 0.0243857 -0.675172 
7.8978 0.0108506 -0.674172 
7.91789 -0.0026823 -0.672901 
7.93802 -0.0162104 -0.671358 
7.95818 -0.029731 -0.669542 
7.97839 -0.0432413 -0.667454 
7.99865 -0.0567386 -0.665091 
8.01896 -0.07022 -0.662454 
8.03933 -0.0836827 -0.65954 
8.05976 -0.0971239 -0.656349 
8.08025 -0.110541 -0.652879 
8.10082 -0.12393 -0.649128 
8.12146 -0.137289 -0.645096 
8.14219 -0.150615 -0.64078 
8.163 -0.163905 -0.636177 
8.18391 -0.177155 -0.631286 
8.20492 -0.190363 -0.626105 
8.22603 -0.203525 -0.62063 
8.24726 -0.216638 -0.614859 
8.2686 -0.229699 -0.608789 
8.29008 -0.242703 -0.602416 
8.31168 -0.255648 -0.595737 
8.33343 -0.268531 -0.588748 
8.35534 -0.281346 -0.581444 
8.3774 -0.294091 -0.573821 
8.39963 -0.306762 -0.565874 
8.42205 -0.319354 -0.557597 
8.44466 -0.331863 -0.548985 
8.46747 -0.344284 -0.54003 
8.4905 -0.356614 -0.530726 
8.51376 -0.368847 -0.521065 
8.53727 -0.380978 -0.511038 
8.56104 -0.393002 -0.500636 
8.58509 -0.404914 -0.489849 
8.60925 -0.416617 -0.478752 
8.63315 -0.427927 -0.467527 
8.65681 -0.438854 -0.456181 
8.68024 -0.449409 -0.444718 
8.70346 -0.4596 -0.433145 
8.72648 -0.469437 -0.421468 
8.74932 -0.478927 -0.40969 
8.77198 -0.488077 -0.397818 
8.79448 -0.496893 -0.385855 
8.81682 -0.505381 -0.373807 
8.83903 -0.513547 -0.361678 
8.8611 -0.521395 -0.349472 
8.88304 -0.52893 -0.337192 
8.90487 -0.536156 -0.324844 
8.9266 -0.543077 -0.31243 
8.94821 -0.549697 -0.299955 
8.96974 -0.556019 -0.287422 
8.99118 -0.562046 -0.274835 
9.01253 -0.56778 -0.262196 
9.03381 -0.573225 -0.24951 
9.05503 -0.578383 -0.23678 
9.07618 -0.583255 -0.224009 
9.09727 -0.587845 -0.2112 
9.1183 -0.592153 -0.198356 
9.13929 -0.596181 -0.185481 
9.16024 -0.599932 -0.172577 
9.18115 -0.603405 -0.159647 
9.20203 -0.606603 -0.146695 
9.22288 -0.609527 -0.133724 
9.24371 -0.612177 -0.120735 
9.26452 -0.614554 -0.107733 
9.28532 -0.616659 -0.0947199 
9.30611 -0.618492 -0.0816985 
9.32689 -0.620055 -0.0686719 
9.34767 -0.621346 -0.0556427 
9.36845 -0.622367 -0.0426165 
9.38924 -0.623118 -0.0295977 
9.41003 -0.623598 -0.0165897 
9.43083 -0.623807 -0.00359572 
9.45164 -0.623747 0.00938131 
9.47247 -0.623416 0.0223385 
9.49332 -0.622816 0.0352729 
9.5142 -0.621944 0.0481816 
9.53511 -0.620802 0.061062 
9.55606 -0.619388 0.0739109 
9.57705 -0.617702 0.0867256 
9.59809 -0.615743 0.099503 
9.61917 -0.61351 0.11224 
9.64032 -0.611003 0.124934 
9.66152 -0.608219 0.137582 
9.68279 -0.605159 0.150181 
9.70413 -0.60182 0.162727 
9.72555 -0.5982 0.175217 
9.74705 -0.594298 0.187648 
9.76865 -0.590113 0.200018 
9.79033 -0.585641 0.212321 
9.81213 -0.580881 0.224556 
9.83403 -0.575829 0.236717 
9.85604 -0.570484 0.248803 
9.87819 -0.564841 0.260808 
9.90046 -0.558899 0.272729 
9.92287 -0.552653 0.284563 
9.94544 -0.546099 0.296304 
9.96816 -0.539233 0.30795 
9.99106 -0.532051 0.319494 
10.0141 -0.524547 0.330933 
10.0374 -0.516715 0.342263 
10.0609 -0.508551 0.353477 
10.0845 -0.500048 0.364571 
10.1085 -0.491197 0.375539 
10.1326 -0.481992 0.386376 
10.157 -0.472423 0.397075 
10.1816 -0.462544 0.407567 
10.2059 -0.452511 0.417688 
10.23 -0.442333 0.427446 
10.2539 -0.432015 0.436852 
10.2775 -0.421565 0.445912 
10.301 -0.410986 0.454634 
10.3244 -0.400285 0.463023 
10.3475 -0.389468 0.471087 
10.3705 -0.378539 0.47883 
10.3934 -0.367502 0.486258 
10.4161 -0.356364 0.493374 
10.4388 -0.345127 0.500184 
10.4613 -0.333797 0.506691 
10.4837 -0.322377 0.512898 
10.506 -0.310871 0.518809 
10.5282 -0.299284 0.524427 
10.5503 -0.28762 0.529755 
10.5724 -0.275881 0.534794 
10.5943 -0.264072 0.539548 
10.6163 -0.252196 0.544019 
10.6381 -0.240256 0.548208 
10.6599 -0.228257 0.552117 
10.6817 -0.2162 0.555748 
10.7034 -0.204091 0.559102 
10.7251 -0.191931 0.562181 
10.7468 -0.179724 0.564985 
10.7684 -0.167473 0.567516 
10.79 -0.155181 0.569774 
10.8116 -0.142851 0.571759 
10.8332 -0.130486 0.573474 
10.8548 -0.11809 0.574917 
10.8764 -0.105665 0.57609 
10.898 -0.0932177 0.576992 
10.9196 -0.0807518 0.577624 
10.9412 -0.068271 0.577985 
10.9628 -0.0557785 0.578076 
10.9844 -0.0432774 0.577897 
11.0061 -0.0307707 0.577448 
11.0277 -0.0182613 0.576728 
11.0494 -0.00575229 0.575738 
11.0712 0.00675348 0.574476 
11.093 0.019253 0.572943 
11.1148 0.0317434 0.571137 
11.1367 0.0442216 0.569057 
11.1586 0.0566847 0.566704 
11.1806 0.0691295 0.564074 
11.2027 0.081553 0.561168 
11.2249 0.0939521 0.557984 
11.2471 0.106324 0.554519 
11.2695 0.118665 0.550773 
11.2919 0.130971 0.546743 
11.3144 0.143241 0.542427 
11.3371 0.15547 0.537822 
11.3598 0.167655 0.532926 
11.3827 0.179792 0.527737 
11.4057 0.191878 0.52225 
11.4289 0.203909 0.516462 
11.4522 0.215881 0.51037 
11.4757 0.227791 0.50397 
11.4993 0.239634 0.497256 
11.5232 0.251406 0.490225 
11.5472 0.263104 0.48287 
11.5715 0.274722 0.475186 
11.5959 0.286255 0.467167 
11.6207 0.2977 0.458804 
11.6456 0.309051 0.450092 
11.6709 0.320302 0.44102 
11.6964 0.331449 0.43158 
11.7223 0.342485 0.42176 
11.7485 0.353403 0.41155 
11.7744 0.363933 0.401203 
11.8 0.374078 0.390734 
11.8254 0.383851 0.380148 
11.8505 0.393261 0.369451 
11.8754 0.402317 0.35865 
11.9 0.411027 0.347749 
11.9245 0.419399 0.336755 
11.9488 0.42744 0.325672 
11.9729 0.435155 0.314505 
11.9968 0.44255 0.303258 
12.0206 0.44963 0.291937 
12.0443 0.4564 0.280545 
12.0678 0.462864 0.269086 
12.0912 0.469027 0.257566 
12.1145 0.474891 0.245986 
12.1377 0.48046 0.234352 
12.1608 0.485737 0.222668 
12.1838 0.490725 0.210936 
12.2067 0.495427 0.19916 
12.2295 0.499844 0.187344 
12.2523 0.503978 0.175491 
12.2751 0.507832 0.163605 
12.2977 0.511408 0.151689 
12.3204 0.514706 0.139746 
12.343 0.517728 0.12778 
12.3655 0.520476 0.115793 
12.3881 0.52295 0.103789 
12.4106 0.525151 0.0917704 
12.4331 0.52708 0.0797411 
12.4556 0.528738 0.0677039 
12.478 0.530125 0.0556618 
12.5005 0.53124 0.0436187 
12.523 0.532086 0.0315802 
12.5455 0.53266 0.0195507 
12.568 0.532965 0.00753393 
12.5905 0.532999 -0.0044668 
12.613 0.532764 -0.0164483 
12.6356 0.532258 -0.0284073 
12.6582 0.531481 -0.0403409 
12.6808 0.530434 -0.0522459 
12.7034 0.529115 -0.0641191 
12.7261 0.527525 -0.0759575 
12.7489 0.525661 -0.0877577 
12.7717 0.523524 -0.0995167 
12.7946 0.521112 -0.111231 
12.8176 0.518424 -0.122898 
12.8406 0.515458 -0.134513 
12.8638 0.512212 -0.146074 
12.887 0.508686 -0.157576 
12.9103 0.504877 -0.169017 
12.9337 0.500782 -0.180392 
12.9573 0.496399 -0.191699 
12.981 0.491726 -0.202932 
13.0048 0.48676 -0.214088 
13.0288 0.481496 -0.225164 
13.0529 0.475933 -0.236154 
13.0772 0.470065 -0.247055 
13.1016 0.463889 -0.257861 
13.1263 0.457399 -0.268569 
13.1511 0.450591 -0.279174 
13.1762 0.443459 -0.289669 
13.2015 0.435997 -0.300051 
13.2271 0.428198 -0.310313 
13.2529 0.420054 -0.32045 
13.279 0.411558 -0.330456 
13.3054 0.402699 -0.340323 
13.3319 0.393547 -0.349964 
13.3581 0.384244 -0.359236 
13.3841 0.374797 -0.368149 
13.4099 0.365213 -0.376712 
13.4354 0.355498 -0.384933 
13.4607 0.345658 -0.39282 
13.4858 0.335699 -0.400378 
13.5107 0.325627 -0.407615 
13.5355 0.315446 -0.414535 
13.5601 0.305162 -0.421144 
13.5845 0.29478 -0.427446 
13.6089 0.284304 -0.433444 
13.6331 0.273739 -0.439145 
13.6572 0.263089 -0.444549 
13.6812 0.252358 -0.449661 
13.7051 0.241551 -0.454484 
13.7289 0.230671 -0.45902 
13.7527 0.219722 -0.463272 
13.7763 0.208708 -0.467241 
13.7999 0.197633 -0.47093 
13.8235 0.186501 -0.474341 
13.847 0.175314 -0.477475 
13.8705 0.164076 -0.480333 
13.8939 0.152792 -0.482916 
13.9173 0.141463 -0.485226 
13.9407 0.130094 -0.487264 
13.964 0.118688 -0.48903 
13.9874 0.107248 -0.490524 
14.0108 0.095777 -0.491748 
14.0341 0.0842807 -0.492701 
14.0575 0.0727642 -0.493383 
14.0808 0.0612317 -0.493795 
14.1042 0.0496869 -0.493937 
14.1276 0.0381332 -0.493809 
14.151 0.026574 -0.49341 
14.1745 0.0150124 -0.492741 
14.1979 0.00345165 -0.491802 
14.2215 -0.00810508 -0.490591 
14.245 -0.0196546 -0.489109 
14.2687 -0.0311936 -0.487354 
14.2924 -0.0427189 -0.485326 
14.3161 -0.0542273 -0.483022 
14.34 -0.0657154 -0.480443 
14.3639 -0.0771798 -0.477587 
14.388 -0.0886173 -0.474451 
14.4121 -0.100024 -0.471034 
14.4363 -0.111397 -0.467334 
14.4607 -0.122733 -0.463349 
14.4852 -0.134027 -0.459076 
14.5098 -0.145276 -0.454511 
14.5346 -0.156477 -0.449653 
14.5595 -0.167625 -0.444497 
14.5846 -0.178716 -0.43904 
14.6099 -0.189746 -0.433278 
14.6354 -0.200712 -0.427205 
14.6611 -0.211607 -0.420818 
14.687 -0.222429 -0.41411 
14.7132 -0.233172 -0.407076 
14.7396 -0.24383 -0.399708 
14.7663 -0.2544 -0.391999 
14.7933 -0.264875 -0.383941 
14.8206 -0.27525 -0.375525 
14.8483 -0.285518 -0.36674 
14.8763 -0.295674 -0.357575 
14.9045 -0.305634 -0.348091 
14.9324 -0.315204 -0.33848 
14.96 -0.324397 -0.328749 
14.9872 -0.333223 -0.318904 
15.0142 -0.341692 -0.308953 
15.0409 -0.349814 -0.298901 
15.0674 -0.357597 -0.288753 
15.0937 -0.365047 -0.278517 
15.1197 -0.372173 -0.268196 
15.1456 -0.378979 -0.257795 
15.1713 -0.385471 -0.247321 
15.1969 -0.391654 -0.236776 
15.2223 -0.397533 -0.226166 
15.2475 -0.403111 -0.215495 
15.2727 -0.408393 -0.204768 
15.2977 -0.413382 -0.193987 
15.3226 -0.41808 -0.183158 
15.3474 -0.422492 -0.172284 
15.3721 -0.426618 -0.161369 
15.3968 -0.430463 -0.150417 
15.4214 -0.434026 -0.139431 
15.4459 -0.437311 -0.128415 
15.4704 -0.44032 -0.117373 
15.4948 -0.443052 -0.106307 
15.5192 -0.44551 -0.0952223 
15.5436 -0.447695 -0.084121 
15.5679 -0.449608 -0.0730068 
15.5923 -0.451249 -0.0618831 
15.6166 -0.452619 -0.0507532 
15.6409 -0.453717 -0.0396205 
15.6652 -0.454546 -0.0284914 
15.6896 -0.455103 -0.0173709 
15.7139 -0.455391 -0.00626306 
15.7383 -0.455408 0.00482832 
15.7626 -0.455155 0.0158998 
15.787 -0.454632 0.026948 
15.8115 -0.453839 0.0379695 
15.8359 -0.452775 0.0489609 
15.8605 -0.451439 0.0599189 
15.8851 -0.449831 0.07084 
15.9097 -0.44795 0.0817208 
15.9345 -0.445795 0.0925577 
15.9593 -0.443364 0.103347 
15.9842 -0.440656 0.114086 
16.0092 -0.437669 0.124769 
16.0343 -0.434401 0.135395 
16.0595 -0.430851 0.145957 
16.0849 -0.427016 0.156454 
16.1104 -0.422892 0.16688 
16.1361 -0.418478 0.177231 
16.1619 -0.413769 0.187504 
16.1879 -0.408763 0.197693 
16.214 -0.403455 0.207794 
16.2404 -0.397841 0.217802 
16.267 -0.391916 0.227713 
16.2939 -0.385674 0.23752 
16.3209 -0.37911 0.24722 
16.3483 -0.372218 0.256804 
16.3759 -0.364989 0.266269 
16.4039 -0.357416 0.275607 
16.4321 -0.34949 0.284812 
16.4608 -0.341201 0.293876 
16.4893 -0.332687 0.302643 
16.5176 -0.324024 0.311047 
16.5455 -0.315221 0.319096 
16.5732 -0.306285 0.326801 
16.6006 -0.297221 0.33417 
16.6278 -0.288038 0.34121 
16.6548 -0.27874 0.347927 
16.6816 -0.269333 0.354327 
16.7082 -0.259823 0.360417 
16.7346 -0.250215 0.3662 
16.7609 -0.240514 0.371681 
16.7871 -0.230725 0.376864 
16.8131 -0.220853 0.381754 
16.839 -0.210901 0.386352 
16.8648 -0.200875 0.390663 
16.8905 -0.190779 0.394688 
16.9161 -0.180616 0.398431 
16.9417 -0.17039 0.401892 
16.9672 -0.160107 0.405076 
16.9926 -0.149769 0.407982 
17.018 -0.13938 0.410612 
17.0433 -0.128944 0.412969 
17.0686 -0.118465 0.415052 
17.0939 -0.107946 0.416862 
17.1192 -0.097391 0.418402 
17.1445 -0.086803 0.41967 
17.1697 -0.0761863 0.420667 
17.195 -0.0655476 0.421394 
17.2203 -0.0548917 0.42185 
17.2455 -0.0442228 0.422036 
17.2708 -0.0335448 0.421952 
17.2962 -0.0228613 0.421598 
17.3215 -0.0121757 0.420973 
17.3469 -0.00149151 0.420078 
17.3724 0.00918773 0.418912 
17.3979 0.0198586 0.417474 
17.4235 0.0305176 0.415764 
17.4492 0.0411612 0.41378 
17.4749 0.0517859 0.411521 
17.5007 0.0623879 0.408985 
17.5267 0.0729638 0.406171 
17.5528 0.0835098 0.403077 
17.5789 0.0940221 0.399701 
17.6053 0.104497 0.39604 
17.6317 0.11493 0.392092 
17.6584 0.125318 0.387853 
17.6852 0.135656 0.383321 
17.7122 0.14594 0.378491 
17.7394 0.156165 0.373359 
17.7668 0.166328 0.367921 
17.7945 0.176423 0.362172 
17.8224 0.186446 0.356106 
17.8505 0.196391 0.349717 
17.879 0.206254 0.342998 
17.9078 0.216028 0.335942 
17.9369 0.225707 0.328539 
17.9664 0.235286 0.32078 
17.9963 0.244758 0.312654 
18.0267 0.254116 0.304149 
18.0571 0.263242 0.295361 
18.0872 0.271981 0.286448 
18.1168 0.280347 0.277416 
18.1462 0.288351 0.268274 
18.1752 0.296003 0.259027 
18.2039 0.303314 0.249683 
18.2324 0.31029 0.240248 
18.2607 0.31694 0.230727 
18.2887 0.32327 0.221125 
18.3165 0.329285 0.211449 
18.3441 0.334992 0.201702 
18.3716 0.340395 0.191891 
18.3989 0.345498 0.182019 
18.426 0.350306 0.17209 
18.453 0.354822 0.162111 
18.4799 0.359048 0.152084 
18.5067 0.36299 0.142014 
18.5334 0.366647 0.131904 
18.5601 0.370024 0.12176 
18.5866 0.373121 0.111585 
18.6131 0.375942 0.101382 
18.6395 0.378487 0.0911554 
18.6659 0.380757 0.0809092 
18.6923 0.382754 0.0706468 
18.7186 0.384479 0.0603718 
18.7449 0.385933 0.0500879 
18.7712 0.387115 0.0397988 
18.7976 0.388027 0.0295091 
18.8239 0.388668 0.0192255 
18.8502 0.389039 0.00895282 
18.8765 0.389139 -0.00130455 
18.9029 0.38897 -0.0115427 
18.9293 0.38853 -0.021758 
18.9557 0.38782 -0.0319466 
18.9822 0.38684 -0.042105 
19.0087 0.385588 -0.0522294 
19.0353 0.384064 -0.0623162 
19.062 0.382267 -0.0723615 
19.0888 0.380195 -0.0823617 
19.1157 0.377848 -0.0923127 
19.1426 0.375223 -0.102211 
19.1697 0.372319 -0.112052 
19.197 0.369134 -0.121831 
19.2244 0.365664 -0.131545 
19.2519 0.361908 -0.14119 
19.2796 0.357862 -0.15076 
19.3075 0.353523 -0.160251 
19.3356 0.348886 -0.169658 
19.3639 0.343949 -0.178976 
19.3925 0.338705 -0.1882 
19.4213 0.33315 -0.197325 
19.4504 0.327278 -0.206345 
19.4798 0.321082 -0.215253 
19.5095 0.314555 -0.224044 
19.5396 0.307689 -0.232711 
19.57 0.300475 -0.241246 
19.6009 0.292902 -0.249642 
19.6318 0.285056 -0.257794 
19.6623 0.277061 -0.265581 
19.6925 0.268925 -0.273015 
19.7224 0.260656 -0.280105 
19.7521 0.252261 -0.28686 
19.7814 0.243746 -0.293288 
19.8105 0.235119 -0.299395 
19.8394 0.226385 -0.305189 
19.8681 0.217551 -0.310673 
19.8966 0.20862 -0.315854 
19.9249 0.1996 -0.320736 
19.9531 0.190495 -0.325323 
19.9812 0.18131 -0.329619 


0 1 0 
0.01 0.99995 -0.00994996 
0.0228278 0.999741 -0.0225672 
0.0373574 0.999311 -0.0366595 
0.0528223 0.998629 -0.0514272 
0.0687798 0.997689 -0.0664151 
0.0849933 0.99649 -0.081383 
0.101341 0.995038 -0.0962098 
0.117762 0.993337 -0.110836 
0.134227 0.991394 -0.125231 
0.150723 0.989211 -0.139384 
0.167242 0.986793 -0.153287 
0.183783 0.984144 -0.166939 
0.200346 0.981267 -0.18034 
0.216932 0.978167 -0.19349 
0.233543 0.974845 -0.206389 
0.250181 0.971306 -0.219039 
0.266846 0.967551 -0.231441 
0.283542 0.963585 -0.243597 
0.30027 0.95941 -0.255506 
0.317033 0.955029 -0.26717 
0.333832 0.950445 -0.278591 
0.350669 0.94566 -0.289768 
0.367546 0.940676 -0.300704 
0.384466 0.935498 -0.311397 
0.401431 0.930126 -0.321851 
0.418442 0.924563 -0.332064 
0.435502 0.918813 -0.342037 
0.452613 0.912876 -0.351773 
0.469778 0.906756 -0.361269 
0.486998 0.900455 -0.370529 
0.504276 0.893975 -0.37955 
0.521615 0.887317 -0.388336 
0.539015 0.880485 -0.396884 
0.556481 0.87348 -0.405197 
0.574015 0.866304 -0.413273 
0.591618 0.85896 -0.421114 
0.609294 0.851449 -0.42872 
0.627045 0.843772 -0.43609 
0.644874 0.835933 -0.443225 
0.662784 0.827933 -0.450124 
0.680778 0.819773 -0.456789 
0.698858 0.811456 -0.463218 
0.717028 0.802982 -0.469412 
0.735291 0.794355 -0.47537 
0.753649 0.785575 -0.481093 
0.772107 0.776644 -0.486579 
0.790667 0.767564 -0.49183 
0.809334 0.758336 -0.496843 
0.828111 0.748961 -0.50162 
0.847001 0.739442 -0.506159 
0.866009 0.72978 -0.510461 
0.885139 0.719975 -0.514523 
0.904395 0.71003 -0.518346 
0.923781 0.699946 -0.521929 
0.943303 0.689724 -0.525272 
0.962964 0.679366 -0.528372 
0.982771 0.668872 -0.53123 
1.00273 0.658244 -0.533845 
1.02284 0.647483 -0.536214 
1.04311 0.63659 -0.538338 
1.06356 0.625565 -0.540214 
1.08417 0.614411 -0.541841 
1.10497 0.603129 -0.543218 
1.12595 0.591717 -0.544343 
1.14713 0.580179 -0.545215 
1.16851 0.568514 -0.54583 
1.1901 0.556724 -0.546188 
1.21192 0.544808 -0.546287 
1.23396 0.532767 -0.546123 
1.25624 0.520603 -0.545694 
1.27878 0.508314 -0.544997 
1.30157 0.495902 -0.54403 
1.32464 0.483366 -0.542789 
1.34799 0.470706 -0.54127 
1.37165 0.457923 -0.53947 
1.39562 0.445016 -0.537385 
1.41992 0.431984 -0.53501 
1.44458 0.418827 -0.53234 
1.4696 0.405544 -0.52937 
1.49501 0.392133 -0.526094 
1.52083 0.378593 -0.522505 
1.5471 0.364921 -0.518596 
1.57382 0.351117 -0.51436 
1.60105 0.337176 -0.509788 
1.6288 0.323095 -0.504869 
1.65712 0.30887 -0.499593 
1.68606 0.294496 -0.493947 
1.71565 0.279968 -0.487918 
1.74596 0.265277 -0.481489 
1.77704 0.250416 -0.474643 
1.80898 0.235374 -0.467357 
1.84185 0.220138 -0.459606 
1.87503 0.205022 -0.451543 
1.90777 0.190368 -0.443362 
1.94014 0.176152 -0.435076 
1.97217 0.16235 -0.426695 
2.00391 0.148943 -0.418227 
2.03537 0.135916 -0.409681 
2.06661 0.123253 -0.401065 
2.09765 0.110941 -0.392386 
2.1285 0.0989689 -0.383651 
2.1592 0.0873259 -0.374867 
2.18976 0.0760028 -0.366039 
2.22022 0.0649914 -0.357174 
2.25057 0.054284 -0.348276 
2.28085 0.0438739 -0.339351 
2.31107 0.0337549 -0.330404 
2.34124 0.0239212 -0.32144 
2.37138 0.0143679 -0.312463 
2.40151 0.00509017 -0.303477 
2.43163 -0.00391621 -0.294488 
2.46175 -0.0126518 -0.285502 
2.49188 -0.0211185 -0.276525 
2.52203 -0.0293191 -0.267564 
2.5522 -0.0372568 -0.258621 
2.58241 -0.0449347 -0.249701 
2.61267 -0.052356 -0.240807 
2.64299 -0.0595233 -0.231942 
2.67339 -0.0664395 -0.223111 
2.70388 -0.0731068 -0.214316 
2.73446 -0.0795275 -0.20556 
2.76516 -0.0857037 -0.196847 
2.79598 -0.091637 -0.18818 
2.82694 -0.0973291 -0.179562 
2.85805 -0.102781 -0.170997 
2.88932 -0.107995 -0.162486 
2.92077 -0.112972 -0.154034 
2.95241 -0.117712 -0.145644 
2.98425 -0.122217 -0.137318 
3.01631 -0.126487 -0.129061 
3.04861 -0.130523 -0.120874 
3.08116 -0.134324 -0.112762 
3.11397 -0.137892 -0.104727 
3.14707 -0.141226 -0.0967727 
3.18047 -0.144327 -0.0889028 
3.21419 -0.147193 -0.0811203 
3.24826 -0.149825 -0.0734288 
3.28269 -0.152221 -0.0658317 
3.3175 -0.154382 -0.0583326 
3.35273 -0.156306 -0.0509351 
3.3884 -0.157992 -0.0436432 
3.42454 -0.159439 -0.0364607 
3.46117 -0.160644 -0.0293915 
3.49833 -0.161607 -0.0224401 
3.53607 -0.162324 -0.0156105 
3.57441 -0.162793 -0.00890758 
3.61341 -0.163011 -0.00233594 
3.6531 -0.162975 0.00409934 
3.69333 -0.162683 0.0103585 
3.73384 -0.162141 0.0163959 
3.77453 -0.161355 0.0221916 
3.81535 -0.160334 0.0277384 
3.85631 -0.159089 0.0330347 
3.89741 -0.157626 0.0380816 
3.93868 -0.155955 0.0428811 
3.98014 -0.154082 0.0474356 
4.02182 -0.152014 0.0517474 
4.06375 -0.149757 0.0558188 
4.10597 -0.147319 0.0596517 
4.1485 -0.144704 0.0632478 
4.19138 -0.141919 0.0666084 
4.23464 -0.138969 0.0697346 
4.27833 -0.135858 0.0726274 
4.32247 -0.132592 0.0752873 
4.36712 -0.129176 0.0777146 
4.41231 -0.125613 0.0799095 
4.4581 -0.121909 0.0818715 
4.50452 -0.118067 0.0836002 
4.55165 -0.11409 0.0850948 
4.59954 -0.109984 0.0863539 
4.64825 -0.105752 0.0873761 
4.69787 -0.101396 0.0881594 
4.74847 -0.0969205 0.0887012 
4.80014 -0.0923281 0.0889984 
4.853 -0.0876216 0.0890476 
4.90715 -0.0828035 0.0888441 
4.96275 -0.0778758 0.0883828 
5.01994 -0.0728403 0.0876571 
5.07893 -0.0676981 0.0866593 
5.13993 -0.0624498 0.0853799 
5.20322 -0.0570947 0.0838071 
5.26913 -0.0516312 0.0819262 
5.3381 -0.0460555 0.0797183 
5.41068 -0.0403613 0.0771588 
5.48761 -0.0345377 0.0742144 
5.56746 -0.0287412 0.0709423 
5.64587 -0.0233101 0.0675502 
5.72288 -0.0182413 0.0640794 
5.79887 -0.0135059 0.0605483 
5.87415 -0.00908168 0.0569726 
5.94901 -0.00495162 0.053366 
6.02368 -0.00110217 0.0497407 
6.09835 0.00247623 0.0461093 
6.17303 0.00578439 0.0424909 
6.24783 0.00882804 0.0388989 
6.3229 0.0116142 0.0353438 
6.3984 0.0141496 0.031834 
6.47451 0.0164403 0.0283775 
6.55141 0.0184913 0.0249816 
6.6293 0.0203066 0.0216537 
6.70838 0.0218893 0.0184009 
6.78886 0.0232416 0.0152307 
6.87099 0.0243648 0.0121507 
6.95504 0.0252595 0.00916878 
7.04132 0.025925 0.00629328 
7.13019 0.0263601 0.00353312 
7.22208 0.0265618 0.000897996 
7.31751 0.0265263 -0.00160142 
7.41577 0.0262527 -0.00392257 
7.51571 0.0257534 -0.00602387 
7.61698 0.0250466 -0.00789094 
7.71963 0.0241506 -0.00952135 
7.8239 0.0230827 -0.0109173 
7.93018 0.0218583 -0.012082 
8.03893 0.0204911 -0.0130185 
8.15073 0.0189937 -0.0137288 
8.26623 0.0173776 -0.0142137 
8.38627 0.0156536 -0.0144723 
8.51185 0.0138317 -0.0145019 
8.64434 0.0119215 -0.0142973 
8.78554 0.00993172 -0.0138495 
8.93812 0.00786981 -0.0131442 
9.10621 0.00574078 -0.0121566 
9.29315 0.00358607 -0.0108698 
9.48202 0.00166661 -0.00944196 
9.6688 4.00799e-05 -0.00797043 
9.85558 -0.00131058 -0.00649674 
10.043 -0.00239288 -0.00506305 
10.2329 -0.00322284 -0.00369569 
10.4277 -0.00381544 -0.00241366 
10.6302 -0.00418183 -0.00123352 
10.8441 -0.00432864 -0.000172219 
11.0747 -0.00425744 0.00075071 
11.3183 -0.00398065 0.00148074 
11.5733 -0.00353241 0.00199324 
11.8428 -0.00295051 0.00228645 
12.1335 -0.0022691 0.00236426 
12.4583 -0.00151815 0.00222701 
12.8449 -0.000722839 0.00186016 
13.2911 -1.38703e-05 0.00130621 
13.7746 0.000468898 0.000701534 
14.3235 0.00069266 0.000144851 
14.9573 0.000645871 -0.000245608 
15.6348 0.00041845 -0.000383967 
16.3288 0.000163289 -0.000328282 
17.0829 -2.97063e-05 -0.000178379 
17.8755 -0.000110551 -3.42859e-05 
18.7196 -9.91831e-05 4.77846e-05 
19.6101 -4.64594e-05 6.07316e-05 


0 1 0 
0.00533041 0.999986 -0.00519071 
0.0106608 0.999945 -0.0101118 
0.016062 0.999878 -0.0148375 
0.021572 0.999783 -0.0194021 
0.0272135 0.999661 -0.0238215 
0.0330019 0.999511 -0.0281034 
0.0389496 0.999331 -0.0322515 
0.0450678 0.999121 -0.0362675 
0.0513673 0.998881 -0.0401523 
0.0578596 0.998607 -0.0439064 
0.0645569 0.998301 -0.04753 
0.0714723 0.99796 -0.0510234 
0.0786204 0.997583 -0.0543866 
0.0860167 0.997169 -0.0576198 
0.0936789 0.996715 -0.0607231 
0.101626 0.996221 -0.0636966 
0.10988 0.995683 -0.0665404 
0.118463 0.9951 -0.0692547 
0.127404 0.994469 -0.0718395 
0.136732 0.993788 -0.074295 
0.14648 0.993052 -0.0766213 
0.156687 0.992258 -0.0788184 
0.167396 0.991403 -0.0808864 
0.178658 0.990481 -0.0828255 
0.190529 0.989487 -0.0846357 
0.203076 0.988414 -0.086317 
0.216378 0.987255 -0.0878694 
0.230524 0.986002 -0.089293 
0.245623 0.984644 -0.0905875 
0.261803 0.983168 -0.0917529 
0.279221 0.981561 -0.0927888 
0.298062 0.979804 -0.093695 
0.31856 0.977875 -0.0944707 
0.340999 0.975747 -0.0951151 
0.365737 0.973388 -0.0956272 
0.393222 0.970754 -0.0960054 
0.42402 0.967793 -0.0962477 
0.458841 0.964439 -0.0963518 
0.498563 0.960612 -0.0963151 
0.544234 0.956217 -0.0961353 
0.597045 0.951148 -0.0958114 
0.658297 0.945293 -0.0953445 
0.729474 0.938528 -0.0947367 
0.812519 0.930692 -0.0939865 
0.910313 0.921545 -0.0930826 
1.02737 0.910712 -0.0919968 
1.17118 0.897578 -0.0906729 
1.33099 0.883204 -0.0892216 
1.49828 0.868404 -0.0877266 
1.66943 0.853518 -0.0862228 
1.84313 0.838672 -0.084723 
2.01885 0.823916 -0.0832324 
2.19637 0.809272 -0.0817531 
2.37559 0.794753 -0.0802863 
2.55648 0.780361 -0.0788325 
2.73905 0.766101 -0.0773919 
2.92331 0.751973 -0.0759647 
3.10928 0.737977 -0.0745508 
3.297 0.724115 -0.0731504 
3.48649 0.710386 -0.0717635 
3.67778 0.69679 -0.07039 
3.87091 0.683327 -0.06903 
4.06592 0.669997 -0.0676835 
4.26284 0.656801 -0.0663504 
4.4617 0.643738 -0.0650308 
4.66255 0.630808 -0.0637246 
4.86543 0.618012 -0.0624319 
5.07037 0.605348 -0.0611526 
5.27743 0.592818 -0.0598868 
5.48664 0.580421 -0.0586344 
5.69804 0.568157 -0.0573955 
5.91169 0.556026 -0.05617 
6.12764 0.544027 -0.0549579 
6.34592 0.532162 -0.0537593 
6.5666 0.52043 -0.0525741 
6.78972 0.508831 -0.0514024 
7.01534 0.497365 -0.0502441 
7.24351 0.486032 -0.0490992 
7.4743 0.474831 -0.0479677 
7.70777 0.463764 -0.0468497 
7.94396 0.452829 -0.045745 
8.18296 0.442027 -0.0446538 
8.42483 0.431358 -0.043576 
8.66963 0.420821 -0.0425116 
8.91743 0.410418 -0.0414606 
9.16832 0.400147 -0.040423 
9.42237 0.390008 -0.0393988 
9.67965 0.380002 -0.038388 
9.94025 0.370129 -0.0373906 
10.2043 0.360388 -0.0364066 
10.4718 0.350779 -0.0354359 
10.7429 0.341303 -0.0344786 
11.0176 0.33196 -0.0335348 
11.2962 0.322749 -0.0326042 
11.5787 0.31367 -0.0316871 
11.8651 0.304723 -0.0307833 
12.1557 0.295909 -0.0298928 
12.4505 0.287226 -0.0290157 
12.7496 0.278676 -0.028152 
13.0533 0.270258 -0.0273016 
13.3615 0.261972 -0.0264646 
13.6745 0.253818 -0.0256408 
13.9924 0.245796 -0.0248304 
14.3154 0.237906 -0.0240333 
14.6436 0.230147 -0.0232496 
14.9772 0.22252 -0.0224791 
15.3164 0.215025 -0.021722 
15.6613 0.207662 -0.0209781 
16.0122 0.20043 -0.0202476 
16.3693 0.19333 -0.0195303 
16.7327 0.186361 -0.0188263 
17.1027 0.179523 -0.0181355 
17.4796 0.172817 -0.0174581 
17.8636 0.166242 -0.0167938 
18.2549 0.159798 -0.0161429 
18.6539 0.153485 -0.0155051 
19.0609 0.147303 -0.0148806 
19.4761 0.141252 -0.0142693 
19.9 0.135331 -0.0136713 


0 2 0 
0.00677412 1.99995 -0.0134113 
0.0135482 1.99982 -0.0265523 
0.0203537 1.99959 -0.0394869 
0.0272073 1.99928 -0.0522473 
0.0341185 1.99887 -0.0648503 
0.0410932 1.99838 -0.0773051 
0.0481357 1.99779 -0.0896174 
0.0552495 1.99711 -0.101791 
0.0624378 1.99633 -0.113828 
0.0697033 1.99546 -0.125733 
0.0770493 1.9945 -0.137506 
0.0844785 1.99343 -0.14915 
0.0919942 1.99227 -0.160668 
0.0995995 1.991 -0.172061 
0.107298 1.98963 -0.183331 
0.115093 1.98816 -0.194482 
0.122987 1.98658 -0.205514 
0.130986 1.98489 -0.21643 
0.139092 1.9831 -0.227232 
0.147311 1.98118 -0.237923 
0.155645 1.97916 -0.248505 
0.164101 1.97701 -0.258981 
0.172682 1.97474 -0.269352 
0.181393 1.97235 -0.279622 
0.190241 1.96983 -0.289793 
0.19923 1.96718 -0.299868 
0.208366 1.9644 -0.309849 
0.217656 1.96147 -0.319741 
0.227107 1.9584 -0.329546 
0.236725 1.95519 -0.339266 
0.246518 1.95182 -0.348907 
0.256494 1.94829 -0.358471 
0.266662 1.9446 -0.367963 
0.277031 1.94073 -0.377386 
0.28761 1.93669 -0.386745 
0.29841 1.93246 -0.396045 
0.309444 1.92804 -0.405292 
0.320722 1.92342 -0.414489 
0.332259 1.91858 -0.423644 
0.344069 1.91353 -0.432764 
0.356169 1.90823 -0.441855 
0.368576 1.9027 -0.450924 
0.381309 1.8969 -0.459982 
0.39439 1.89082 -0.469038 
0.407842 1.88445 -0.478101 
0.421693 1.87776 -0.487185 
0.435973 1.87074 -0.496304 
0.450716 1.86336 -0.505471 
0.465961 1.85558 -0.514707 
0.481753 1.84738 -0.524031 
0.498146 1.83871 -0.533469 
0.515202 1.82953 -0.543048 
0.532995 1.81978 -0.552804 
0.551617 1.80939 -0.56278 
0.571182 1.79828 -0.573028 
0.591834 1.78633 -0.583619 
0.613663 1.77347 -0.594592 
0.636216 1.75994 -0.605723 
0.659237 1.74586 -0.616908 
0.682584 1.73133 -0.628101 
0.706166 1.71639 -0.639288 
0.729923 1.70107 -0.650471 
0.753807 1.6854 -0.661657 
0.777779 1.6694 -0.672857 
0.801802 1.6531 -0.684084 
0.825819 1.63654 -0.695337 
0.849763 1.61975 -0.706614 
0.87361 1.60277 -0.717927 
0.897337 1.5856 -0.729288 
0.920922 1.56826 -0.740708 
0.944347 1.55078 -0.752199 
0.967594 1.53316 -0.76377 
0.99065 1.51541 -0.775431 
1.0135 1.49756 -0.787191 
1.03613 1.47961 -0.799057 
1.05854 1.46157 -0.811038 
1.08072 1.44345 -0.82314 
1.10266 1.42526 -0.835371 
1.12403 1.40728 -0.847552 
1.14477 1.38957 -0.859641 
1.16494 1.37211 -0.871662 
1.18459 1.35487 -0.883638 
1.20376 1.33781 -0.895588 
1.22248 1.32094 -0.907525 
1.24078 1.30422 -0.919464 
1.2587 1.28764 -0.931415 
1.27624 1.27119 -0.943388 
1.29344 1.25486 -0.955393 
1.31031 1.23864 -0.967436 
1.32688 1.22252 -0.979525 
1.34314 1.20649 -0.991665 
1.35913 1.19054 -1.00386 
1.37484 1.17467 -1.01612 
1.3903 1.15886 -1.02845 
1.40552 1.14312 -1.04085 
1.4205 1.12744 -1.05332 
1.43525 1.11181 -1.06588 
1.44979 1.09622 -1.07851 
1.46411 1.08068 -1.09124 
1.47824 1.06517 -1.10405 
1.49217 1.0497 -1.11696 
1.50592 1.03425 -1.12996 
1.51949 1.01883 -1.14306 
1.53289 1.00343 -1.15626 
1.54612 0.988039 -1.16957 
1.5592 0.972662 -1.18298 
1.57211 0.957291 -1.19651 
1.58489 0.941923 -1.21015 
1.59752 0.926553 -1.2239 
1.61001 0.911177 -1.23777 
1.62237 0.89579 -1.25177 
1.6346 0.88039 -1.26589 
1.64672 0.86497 -1.28013 
1.65871 0.849528 -1.29451 
1.6706 0.834058 -1.30902 
1.68237 0.818555 -1.32367 
1.69405 0.803015 -1.33846 
1.70563 0.787434 -1.3534 
1.71711 0.771805 -1.36848 
1.72851 0.756124 -1.38371 
1.73982 0.740385 -1.3991 
1.75105 0.724582 -1.41466 
1.76221 0.70871 -1.43037 
1.7733 0.692762 -1.44626 
1.78432 0.67673 -1.46232 
1.79528 0.660609 -1.47857 
1.80619 0.64439 -1.495 
1.81705 0.628066 -1.51162 
1.82787 0.611627 -1.52845 
1.83864 0.595065 -1.54548 
1.84939 0.578369 -1.56274 
1.8601 0.561528 -1.58021 
1.8708 0.54453 -1.59793 
1.88148 0.527362 -1.61589 
1.89216 0.51001 -1.63411 
1.90284 0.492462 -1.65261 
1.91352 0.474712 -1.67137 
1.9242 0.456751 -1.69041 
1.9349 0.43856 -1.70975 
1.94563 0.420122 -1.72939 
1.95638 0.401413 -1.74936 
1.96718 0.382409 -1.76968 
1.97804 0.363078 -1.79037 
1.98898 0.343386 -1.81147 
2.00001 0.323293 -1.833 
2.01115 0.302752 -1.85502 
2.02242 0.281705 -1.87756 
2.03387 0.260088 -1.90069 
2.04535 0.238118 -1.92416 
2.05679 0.215984 -1.94775 
2.06817 0.193679 -1.97145 
2.07951 0.171194 -1.99525 
2.0908 0.148522 -2.01915 
2.10206 0.125651 -2.04313 
2.11329 0.102573 -2.06719 
2.1245 0.0792759 -2.09131 
2.13568 0.0557488 -2.11549 
2.14685 0.0319786 -2.1397 
2.15802 0.00795147 -2.16394 
2.16919 -0.0163464 -2.18819 
2.18035 -0.0409158 -2.21242 
2.19152 -0.0657651 -2.2366 
2.2027 -0.0909075 -2.26071 
2.2139 -0.11636 -2.28473 
2.22513 -0.142141 -2.30863 
2.23639 -0.168273 -2.33238 
2.24714 -0.193474 -2.35481 
2.25712 -0.217081 -2.37537 
2.26649 -0.239426 -2.39441 
2.27536 -0.260735 -2.41217 
2.2838 -0.281171 -2.42882 
2.29188 -0.300859 -2.44449 
2.29964 -0.319894 -2.45928 
2.30713 -0.338354 -2.47327 
2.31437 -0.356301 -2.48654 
2.32138 -0.373786 -2.49914 
2.32819 -0.390852 -2.5111 
2.33482 -0.407537 -2.52248 
2.34128 -0.423871 -2.53331 
2.34759 -0.439883 -2.54361 
2.35376 -0.455596 -2.55341 
2.35979 -0.471031 -2.56274 
2.3657 -0.486207 -2.57161 
2.3715 -0.501141 -2.58004 
2.37719 -0.515847 -2.58805 
2.38278 -0.53034 -2.59565 
2.38828 -0.544631 -2.60286 
2.39369 -0.558731 -2.60968 
2.39902 -0.572651 -2.61613 
2.40427 -0.586401 -2.62222 
2.40944 -0.599987 -2.62796 
2.41455 -0.61342 -2.63335 
2.41959 -0.626705 -2.6384 
2.42457 -0.639849 -2.64312 
2.42948 -0.652859 -2.64751 
2.43435 -0.665742 -2.65159 
2.43916 -0.678501 -2.65535 
2.44391 -0.691143 -2.65881 
2.44862 -0.703671 -2.66196 
2.45329 -0.716092 -2.66481 
2.45791 -0.728409 -2.66736 
2.46248 -0.740625 -2.66963 
2.46702 -0.752746 -2.6716 
2.47152 -0.764774 -2.67329 
2.47599 -0.776713 -2.67469 
2.48042 -0.788566 -2.67582 
2.48482 -0.800337 -2.67667 
2.48918 -0.812028 -2.67724 
2.49352 -0.823641 -2.67754 
2.49783 -0.835181 -2.67756 
2.50211 -0.846649 -2.67732 
2.50637 -0.858049 -2.67681 
2.51061 -0.869381 -2.67603 
2.51482 -0.880649 -2.67498 
2.51901 -0.891855 -2.67367 
2.52318 -0.903001 -2.6721 
2.52733 -0.914089 -2.67026 
2.53146 -0.925121 -2.66817 
2.53558 -0.936099 -2.66581 
2.53968 -0.947024 -2.66318 
2.54376 -0.9579 -2.6603 
2.54784 -0.968727 -2.65716 
2.5519 -0.979507 -2.65376 
2.55594 -0.990242 -2.65009 
2.55998 -1.00093 -2.64616 
2.56401 -1.01158 -2.64198 
2.56803 -1.02219 -2.63753 
2.57204 -1.03276 -2.63282 
2.57605 -1.0433 -2.62784 
2.58004 -1.0538 -2.62261 
2.58404 -1.06426 -2.6171 
2.58803 -1.07469 -2.61134 
2.59202 -1.08509 -2.6053 
2.596 -1.09547 -2.599 
2.59999 -1.10581 -2.59243 
2.60397 -1.11612 -2.58558 
2.60796 -1.12641 -2.57847 
2.61194 -1.13667 -2.57108 
2.61593 -1.14691 -2.56342 
2.61992 -1.15711 -2.55549 
2.62391 -1.1673 -2.54728 
2.6279 -1.17746 -2.53879 
2.6319 -1.1876 -2.53002 
2.63591 -1.19772 -2.52097 
2.63992 -1.20782 -2.51163 
2.64395 -1.2179 -2.502 
2.64798 -1.22797 -2.49208 
2.65202 -1.23802 -2.48187 
2.65607 -1.24806 -2.47135 
2.66014 -1.25809 -2.46054 
2.66422 -1.26811 -2.44942 
2.66832 -1.27812 -2.43798 
2.67243 -1.28813 -2.42624 
2.67656 -1.29813 -2.41417 
2.68072 -1.30813 -2.40178 
2.68489 -1.31813 -2.38905 
2.68909 -1.32813 -2.37599 
2.69331 -1.33813 -2.36259 
2.69756 -1.34814 -2.34883 
2.70184 -1.35816 -2.33472 
2.70615 -1.36819 -2.32024 
2.71049 -1.37823 -2.30538 
2.71487 -1.38829 -2.29014 
2.71928 -1.39837 -2.2745 
2.72374 -1.40847 -2.25845 
2.72824 -1.41859 -2.24199 
2.73278 -1.42874 -2.22509 
2.73738 -1.43893 -2.20775 
2.74203 -1.44915 -2.18994 
2.74673 -1.45942 -2.17165 
2.7515 -1.46973 -2.15286 
2.75634 -1.48009 -2.13354 
2.76125 -1.49052 -2.11368 
2.76623 -1.501 -2.09324 
2.77131 -1.51157 -2.0722 
2.77647 -1.52221 -2.05052 
2.78173 -1.53295 -2.02816 
2.78711 -1.54379 -2.00507 
2.79261 -1.55475 -1.98121 
2.79824 -1.56584 -1.95651 
2.80403 -1.57709 -1.93089 
2.80998 -1.5885 -1.90428 
2.81613 -1.60013 -1.87656 
2.8225 -1.61198 -1.84761 
2.82912 -1.62412 -1.81725 
2.83604 -1.63659 -1.78529 
2.84332 -1.64946 -1.75147 
2.85077 -1.66237 -1.71664 
2.85829 -1.67515 -1.68127 
2.86584 -1.68771 -1.64562 
2.8734 -1.70001 -1.60982 
2.88095 -1.71203 -1.57398 
2.88849 -1.72377 -1.53811 
2.89604 -1.73524 -1.50222 
2.90358 -1.74644 -1.46635 
2.91113 -1.75737 -1.43051 
2.91868 -1.76804 -1.39473 
2.92624 -1.77844 -1.35902 
2.9338 -1.78859 -1.3234 
2.94138 -1.79848 -1.28787 
2.94897 -1.80812 -1.25246 
2.95658 -1.81752 -1.21718 
2.96421 -1.82668 -1.18203 
2.97183 -1.83555 -1.14722 
2.97918 -1.84385 -1.11391 
2.9863 -1.85167 -1.08187 
2.99323 -1.85906 -1.05095 
3 -1.86608 -1.02101 
3.00664 -1.87276 -0.991945 
3.01315 -1.87913 -0.963675 
3.01956 -1.88522 -0.936127 
3.02588 -1.89105 -0.909243 
3.03212 -1.89664 -0.882971 
3.03829 -1.902 -0.85727 
3.04439 -1.90716 -0.832102 
3.05044 -1.91211 -0.807434 
3.05644 -1.91688 -0.783237 
3.06239 -1.92148 -0.759486 
3.06831 -1.9259 -0.736158 
3.07419 -1.93016 -0.713232 
3.08004 -1.93427 -0.690692 
3.08587 -1.93823 -0.668519 
3.09168 -1.94205 -0.646698 
3.09746 -1.94573 -0.625217 
3.10324 -1.94928 -0.604062 
3.109 -1.9527 -0.583222 
3.11475 -1.956 -0.562686 
3.1205 -1.95917 -0.542444 
3.12624 -1.96223 -0.522487 
3.13198 -1.96517 -0.502806 
3.13773 -1.968 -0.483398 
3.14347 -1.97072 -0.464259 
3.14921 -1.97334 -0.445386 
3.15496 -1.97584 -0.426772 
3.16071 -1.97824 -0.408412 
3.16647 -1.98054 -0.390298 
3.17224 -1.98274 -0.372426 
3.17802 -1.98485 -0.354788 
3.18382 -1.98685 -0.33738 
3.18962 -1.98876 -0.320196 
3.19545 -1.99058 -0.303232 
3.20129 -1.9923 -0.286482 
3.20716 -1.99393 -0.269943 
3.21305 -1.99547 -0.25361 
3.21896 -1.99692 -0.237478 
3.22489 -1.99829 -0.221545 
3.23086 -1.99956 -0.205806 
3.23685 -2.00075 -0.190258 
3.24288 -2.00185 -0.174897 
3.24893 -2.00286 -0.159721 
3.25502 -2.00379 -0.144725 
3.26115 -2.00463 -0.129908 
3.26731 -2.00538 -0.115266 
3.27352 -2.00605 -0.100797 
3.27976 -2.00664 -0.086497 
3.28605 -2.00714 -0.0723641 
3.29239 -2.00755 -0.0583958 
3.29877 -2.00788 -0.0445895 
3.3052 -2.00812 -0.0309427 
3.31168 -2.00828 -0.0174532 
3.31821 -2.00835 -0.00411858 
3.3248 -2.00833 0.00906342 
3.33145 -2.00823 0.022095 
3.33815 -2.00804 0.0349783 
3.34492 -2.00776 0.0477156 
3.35175 -2.00739 0.0603089 
3.35864 -2.00693 0.0727603 
3.36561 -2.00638 0.0850719 
3.37264 -2.00574 0.0972457 
3.37975 -2.005 0.109284 
3.38694 -2.00418 0.121188 
3.3942 -2.00325 0.132961 
3.40155 -2.00223 0.144605 
3.40898 -2.00112 0.15612 
3.4165 -1.9999 0.167511 
3.42411 -1.99858 0.178778 
3.43182 -1.99716 0.189923 
3.43962 -1.99563 0.20095 
3.44753 -1.994 0.211859 
3.45554 -1.99226 0.222654 
3.46367 -1.99041 0.233336 
3.4719 -1.98844 0.243907 
3.48026 -1.98636 0.254371 
3.48873 -1.98416 0.264729 
3.49734 -1.98184 0.274984 
3.50608 -1.97939 0.285139 
3.51496 -1.97681 0.295196 
3.52398 -1.97411 0.305158 
3.53315 -1.97126 0.315027 
3.54248 -1.96828 0.324808 
3.55197 -1.96515 0.334502 
3.56164 -1.96187 0.344114 
3.57148 -1.95843 0.353647 
3.58151 -1.95484 0.363105 
3.59174 -1.95108 0.372491 
3.60217 -1.94714 0.38181 
3.61281 -1.94303 0.391067 
3.62369 -1.93873 0.400265 
3.6348 -1.93423 0.409412 
3.64616 -1.92952 0.418511 
3.65779 -1.9246 0.42757 
3.6697 -1.91946 0.436595 
3.6819 -1.91407 0.445593 
3.69443 -1.90844 0.454573 
3.70728 -1.90254 0.463543 
3.7205 -1.89635 0.472514 
3.73409 -1.88986 0.481496 
3.7481 -1.88305 0.490502 
3.76256 -1.8759 0.499547 
3.77749 -1.86837 0.508646 
3.79294 -1.86044 0.517818 
3.80896 -1.85207 0.527086 
3.82561 -1.84322 0.536475 
3.84295 -1.83383 0.546015 
3.86106 -1.82385 0.555745 
3.88004 -1.81321 0.565709 
3.90003 -1.8018 0.575965 
3.92116 -1.78952 0.586589 
3.94336 -1.77638 0.597529 
3.96621 -1.7626 0.608595 
3.98949 -1.7483 0.619701 
4.01307 -1.73355 0.630812 
4.03688 -1.7184 0.641919 
4.06084 -1.70289 0.653024 
4.08492 -1.68703 0.664138 
4.10908 -1.67085 0.67527 
4.13327 -1.65438 0.686435 
4.15743 -1.63766 0.69762 
4.18149 -1.62073 0.708833 
4.20546 -1.60362 0.720088 
4.22929 -1.58632 0.731396 
4.25297 -1.56887 0.742767 
4.27647 -1.55127 0.754214 
4.2998 -1.53355 0.765744 
4.32292 -1.51571 0.777369 
4.34583 -1.49776 0.789095 
4.36851 -1.47973 0.800931 
4.39097 -1.46161 0.812885 
4.41318 -1.44342 0.824964 
4.43509 -1.42522 0.837136 
4.45632 -1.40732 0.849199 
4.47694 -1.38968 0.861183 
4.497 -1.37228 0.87311 
4.51656 -1.35509 0.885002 
4.53565 -1.33808 0.896875 
4.5543 -1.32125 0.908743 
4.57254 -1.30456 0.920618 
4.5904 -1.28801 0.93251 
4.6079 -1.27159 0.94443 
4.62506 -1.25529 0.956385 
4.64189 -1.23908 0.968381 
4.65842 -1.22298 0.980427 
4.67466 -1.20696 0.992527 
4.69061 -1.19103 1.00469 
4.70631 -1.17517 1.01691 
4.72174 -1.15938 1.02921 
4.73694 -1.14365 1.04157 
4.7519 -1.12797 1.05402 
4.76663 -1.11235 1.06654 
4.78115 -1.09677 1.07915 
4.79546 -1.08124 1.09185 
4.80958 -1.06574 1.10464 
4.8235 -1.05027 1.11752 
4.83723 -1.03483 1.1305 
4.85079 -1.01941 1.14358 
4.86418 -1.00401 1.15676 
4.8774 -0.988628 1.17005 
4.89047 -0.973255 1.18345 
4.90338 -0.957888 1.19695 
4.91614 -0.942524 1.21057 
4.92877 -0.927157 1.22431 
4.94125 -0.911784 1.23817 
4.95361 -0.896401 1.25215 
4.96583 -0.881004 1.26625 
4.97794 -0.865588 1.28048 
4.98993 -0.850148 1.29484 
5.00181 -0.834681 1.30934 
5.01358 -0.819182 1.32398 
5.02525 -0.803645 1.33875 
5.03682 -0.788067 1.35367 
5.0483 -0.772442 1.36874 
5.05969 -0.756764 1.38397 
5.071 -0.741028 1.39934 
5.08223 -0.725229 1.41488 
5.09338 -0.709361 1.43059 
5.10447 -0.693417 1.44646 
5.11549 -0.67739 1.46251 
5.12645 -0.661273 1.47874 
5.13735 -0.645059 1.49516 
5.1482 -0.628739 1.51177 
5.15902 -0.612306 1.52859 
5.16979 -0.595749 1.54561 
5.18053 -0.579059 1.56285 
5.19124 -0.562224 1.58032 
5.20193 -0.545233 1.59802 
5.21261 -0.528072 1.61597 
5.22328 -0.510728 1.63417 
5.23395 -0.493188 1.65265 
5.24463 -0.475447 1.6714 
5.25531 -0.457495 1.69043 
5.266 -0.439314 1.70975 
5.27672 -0.420887 1.72938 
5.28747 -0.40219 1.74933 
5.29826 -0.383198 1.76963 
5.30912 -0.363881 1.79031 
5.32004 -0.344205 1.81139 
5.33106 -0.324129 1.8329 
5.34219 -0.303607 1.85489 
5.35346 -0.282582 1.87741 
5.36489 -0.260986 1.90052 
5.37638 -0.239017 1.92399 
5.38781 -0.216885 1.94758 
5.39919 -0.194582 1.97128 
5.41053 -0.1721 1.99508 
5.42182 -0.14943 2.01898 
5.43308 -0.126563 2.04296 
5.44431 -0.103488 2.06702 
5.45552 -0.0801956 2.09115 
5.4667 -0.0566733 2.11533 
5.47787 -0.0329084 2.13954 
5.48903 -0.00888709 2.16378 
5.5002 0.015405 2.18804 
5.51136 0.0399682 2.21227 
5.52253 0.0648109 2.23646 
5.53371 0.0899462 2.26058 
5.54491 0.11539 2.28461 
5.55613 0.141163 2.30851 
5.56739 0.167286 2.33228 
5.57817 0.192556 2.35479 
5.58817 0.216218 2.37542 
5.59756 0.238606 2.39451 
5.60644 0.259951 2.41231 
5.6149 0.280418 2.429 
5.62299 0.300133 2.44471 
5.63076 0.319192 2.45953 
5.63825 0.337674 2.47356 
5.64549 0.355639 2.48685 
5.65251 0.373141 2.49947 
5.65933 0.390223 2.51146 
5.66597 0.406922 2.52286 
5.67243 0.423269 2.53371 
5.67874 0.439293 2.54403 
5.68491 0.455017 2.55385 
5.69095 0.470463 2.5632 
5.69686 0.485649 2.57208 
5.70266 0.500592 2.58053 
5.70836 0.515307 2.58856 
5.71395 0.529808 2.59618 
5.71945 0.544106 2.6034 
5.72486 0.558214 2.61024 
5.73019 0.572141 2.6167 
5.73544 0.585897 2.62281 
5.74062 0.59949 2.62856 
5.74573 0.612928 2.63396 
5.75077 0.626219 2.63903 
5.75575 0.639369 2.64376 
5.76066 0.652385 2.64817 
5.76553 0.665272 2.65226 
5.77034 0.678036 2.65603 
5.77509 0.690682 2.6595 
5.7798 0.703216 2.66266 
5.78447 0.715641 2.66553 
5.78909 0.727962 2.66809 
5.79367 0.740182 2.67037 
5.7982 0.752307 2.67235 
5.80271 0.764338 2.67405 
5.80717 0.776281 2.67547 
5.8116 0.788138 2.67661 
5.816 0.799911 2.67746 
5.82037 0.811605 2.67805 
5.8247 0.823222 2.67836 
5.82901 0.834765 2.67839 
5.8333 0.846236 2.67816 
5.83755 0.857638 2.67766 
5.84179 0.868973 2.67689 
5.846 0.880244 2.67586 
5.85019 0.891452 2.67456 
5.85436 0.902601 2.673 
5.85851 0.913691 2.67117 
5.86264 0.924725 2.66908 
5.86676 0.935705 2.66673 
5.87086 0.946633 2.66412 
5.87494 0.957511 2.66125 
5.87901 0.96834 2.65812 
5.88307 0.979122 2.65472 
5.88712 0.989859 2.65107 
5.89116 1.00055 2.64715 
5.89518 1.0112 2.64298 
5.8992 1.02182 2.63854 
5.90321 1.03239 2.63384 
5.90722 1.04292 2.62888 
5.91121 1.05342 2.62365 
5.91521 1.06389 2.61816 
5.9192 1.07432 2.6124 
5.92318 1.08472 2.60638 
5.92717 1.0951 2.60009 
5.93115 1.10544 2.59352 
5.93513 1.11576 2.58669 
5.93912 1.12605 2.57959 
5.9431 1.13631 2.57221 
5.94709 1.14654 2.56456 
5.95107 1.15675 2.55664 
5.95506 1.16694 2.54844 
5.95906 1.1771 2.53996 
5.96306 1.18724 2.53121 
5.96706 1.19736 2.52216 
5.97107 1.20746 2.51284 
5.97509 1.21754 2.50322 
5.97912 1.22761 2.49331 
5.98316 1.23767 2.48311 
5.98722 1.24771 2.47261 
5.99128 1.25774 2.46181 
5.99536 1.26776 2.4507 
5.99946 1.27777 2.43928 
6.00357 1.28777 2.42754 
6.0077 1.29778 2.41549 
6.01185 1.30778 2.40311 
6.01602 1.31778 2.3904 
6.02021 1.32778 2.37735 
6.02443 1.33778 2.36396 
6.02868 1.34779 2.35022 
6.03296 1.35781 2.33612 
6.03726 1.36784 2.32166 
6.0416 1.37788 2.30682 
6.04598 1.38793 2.29159 
6.05039 1.39801 2.27597 
6.05484 1.40811 2.25994 
6.05934 1.41823 2.2435 
6.06388 1.42838 2.22662 
6.06847 1.43857 2.20929 
6.07311 1.44879 2.1915 
6.07782 1.45905 2.17324 
6.08258 1.46936 2.15447 
6.08741 1.47972 2.13517 
6.09232 1.49014 2.11534 
6.0973 1.50063 2.09493 
6.10236 1.51119 2.07391 
6.10752 1.52183 2.05226 
6.11278 1.53256 2.02993 
6.11815 1.5434 2.00688 
6.12364 1.55435 1.98305 
6.12926 1.56543 1.95839 
6.13504 1.57667 1.93282 
6.14098 1.58808 1.90625 
6.14712 1.59969 1.87859 
6.15347 1.61153 1.8497 
6.16008 1.62366 1.81941 
6.16698 1.63611 1.78753 
6.17424 1.64897 1.75377 
6.18168 1.66189 1.71897 
6.1892 1.67468 1.68361 
6.19675 1.68726 1.64796 
6.20431 1.69957 1.61216 
6.21186 1.7116 1.57631 
6.2194 1.72336 1.54044 
6.22694 1.73485 1.50454 
6.23449 1.74606 1.46866 
6.24203 1.757 1.43281 
6.24958 1.76768 1.39701 
6.25713 1.7781 1.36129 
6.2647 1.78826 1.32566 
6.27227 1.79817 1.29012 
6.27986 1.80783 1.2547 
6.28747 1.81724 1.2194 
6.2951 1.82641 1.18424 
6.30273 1.83531 1.14934 
6.31008 1.84364 1.11595 
6.31721 1.85148 1.08386 
6.32415 1.85889 1.05288 
6.33093 1.86593 1.02289 
6.33757 1.87262 0.993781 
6.34409 1.87901 0.96547 
6.3505 1.88511 0.937884 
6.35682 1.89095 0.910965 
6.36306 1.89656 0.884661 
6.36923 1.90193 0.858929 
6.37533 1.9071 0.833732 
6.38138 1.91207 0.809037 
6.38738 1.91685 0.784814 
6.39333 1.92145 0.761038 
6.39925 1.92588 0.737686 
6.40513 1.93015 0.714739 
6.41099 1.93427 0.692176 
6.41681 1.93824 0.669983 
6.42262 1.94206 0.648142 
6.42841 1.94575 0.626641 
6.43418 1.94931 0.605468 
6.43994 1.95274 0.584609 
6.44569 1.95604 0.564055 
6.45144 1.95922 0.543796 
6.45718 1.96229 0.523823 
6.46292 1.96524 0.504126 
6.46866 1.96807 0.484701 
6.4744 1.9708 0.465547 
6.48014 1.97342 0.446658 
6.48588 1.97593 0.428029 
6.49163 1.97834 0.409653 
6.49739 1.98065 0.391525 
6.50316 1.98285 0.373638 
6.50894 1.98496 0.355986 
6.51473 1.98697 0.338565 
6.52053 1.98889 0.321367 
6.52636 1.99071 0.30439 
6.5322 1.99244 0.287627 
6.53806 1.99408 0.271075 
6.54394 1.99562 0.254729 
6.54985 1.99708 0.238586 
6.55578 1.99845 0.22264 
6.56174 1.99973 0.206889 
6.56773 2.00092 0.19133 
6.57375 2.00202 0.175958 
6.57981 2.00304 0.16077 
6.58589 2.00398 0.145764 
6.59202 2.00482 0.130936 
6.59818 2.00558 0.116283 
6.60438 2.00626 0.101803 
6.61062 2.00685 0.0874929 
6.6169 2.00736 0.0733498 
6.62323 2.00778 0.0593714 
6.62961 2.00811 0.0455552 
6.63603 2.00836 0.0318987 
6.64251 2.00852 0.0183996 
6.64903 2.0086 0.00505548 
6.65562 2.00859 -0.00813582 
6.66226 2.00849 -0.0211766 
6.66896 2.00831 -0.0340689 
6.67572 2.00803 -0.0468151 
6.68254 2.00767 -0.0594171 
6.68943 2.00722 -0.0718771 
6.69639 2.00667 -0.0841972 
6.70342 2.00604 -0.0963794 
6.71052 2.00531 -0.108426 
6.7177 2.00449 -0.120338 
6.72496 2.00357 -0.132119 
6.7323 2.00256 -0.14377 
6.73972 2.00145 -0.155294 
6.74723 2.00024 -0.166691 
6.75484 1.99893 -0.177966 
6.76253 1.99752 -0.189118 
6.77033 1.996 -0.200152 
6.77823 1.99438 -0.211068 
6.78623 1.99264 -0.221869 
6.79434 1.9908 -0.232558 
6.80257 1.98884 -0.243136 
6.81091 1.98677 -0.253605 
6.81938 1.98458 -0.26397 
6.82798 1.98227 -0.27423 
6.8367 1.97983 -0.28439 
6.84557 1.97726 -0.294453 
6.85458 1.97456 -0.304419 
6.86374 1.97173 -0.314294 
6.87305 1.96876 -0.324079 
6.88253 1.96564 -0.333778 
6.89218 1.96237 -0.343394 
6.90201 1.95895 -0.35293 
6.91203 1.95537 -0.362392 
6.92224 1.95162 -0.371781 
6.93265 1.9477 -0.381103 
6.94328 1.9436 -0.390362 
6.95413 1.93931 -0.399562 
6.96522 1.93483 -0.40871 
6.97657 1.93014 -0.417811 
6.98817 1.92524 -0.42687 
7.00006 1.92011 -0.435895 
7.01224 1.91474 -0.444893 
7.02474 1.90913 -0.453871 
7.03756 1.90325 -0.462839 
7.05075 1.89709 -0.471807 
7.06432 1.89062 -0.480785 
7.07829 1.88384 -0.489786 
7.09271 1.87672 -0.498824 
7.1076 1.86922 -0.507916 
7.12301 1.86132 -0.517079 
7.13899 1.85299 -0.526335 
7.15558 1.84417 -0.535711 
7.17286 1.83483 -0.545235 
7.19091 1.8249 -0.554945 
7.20982 1.81431 -0.564885 
7.22972 1.80297 -0.575113 
7.25076 1.79076 -0.585701 
7.2729 1.77767 -0.596624 
7.29571 1.76394 -0.607683 
7.31897 1.74967 -0.618786 
7.34254 1.73496 -0.629895 
7.36633 1.71984 -0.641 
7.39029 1.70435 -0.652103 
7.41437 1.68851 -0.663213 
7.43853 1.67236 -0.674342 
7.46272 1.6559 -0.685501 
7.48689 1.6392 -0.696682 
7.51097 1.62229 -0.707891 
7.53495 1.60518 -0.71914 
7.55879 1.5879 -0.73044 
7.58249 1.57046 -0.741804 
7.60601 1.55287 -0.753242 
7.62936 1.53515 -0.764764 
7.6525 1.51732 -0.776378 
7.67543 1.49939 -0.788094 
7.69814 1.48136 -0.799919 
7.72061 1.46324 -0.811862 
7.74285 1.44505 -0.823928 
7.76482 1.42682 -0.836108 
7.7861 1.4089 -0.848176 
7.80677 1.39125 -0.860162 
7.82688 1.37383 -0.872091 
7.84648 1.35662 -0.883983 
7.8656 1.3396 -0.895855 
7.88429 1.32275 -0.907721 
7.90257 1.30605 -0.919593 
7.92046 1.28949 -0.931482 
7.93798 1.27306 -0.943397 
7.95517 1.25675 -0.955346 
7.97203 1.24054 -0.967338 
7.98859 1.22442 -0.979377 
8.00485 1.2084 -0.991471 
8.02083 1.19246 -1.00362 
8.03654 1.17659 -1.01584 
8.052 1.1608 -1.02813 
8.06721 1.14506 -1.04049 
8.08219 1.12938 -1.05292 
8.09695 1.11375 -1.06544 
8.11148 1.09817 -1.07804 
8.12581 1.08263 -1.09073 
8.13994 1.06713 -1.10351 
8.15388 1.05166 -1.11639 
8.16764 1.03622 -1.12936 
8.18121 1.0208 -1.14243 
8.19461 1.0054 -1.1556 
8.20785 0.990017 -1.16888 
8.22093 0.974643 -1.18226 
8.23385 0.959276 -1.19576 
8.24663 0.943911 -1.20937 
8.25926 0.928545 -1.22309 
8.27176 0.913173 -1.23694 
8.28413 0.897791 -1.25091 
8.29637 0.882395 -1.265 
8.30848 0.866981 -1.27922 
8.32048 0.851544 -1.29357 
8.33237 0.83608 -1.30805 
8.34415 0.820583 -1.32268 
8.35583 0.805051 -1.33744 
8.36741 0.789476 -1.35235 
8.3789 0.773855 -1.3674 
8.3903 0.758183 -1.38261 
8.40161 0.742453 -1.39797 
8.41285 0.72666 -1.4135 
8.42401 0.710798 -1.42919 
8.4351 0.694861 -1.44504 
8.44612 0.678841 -1.46108 
8.45709 0.662733 -1.47729 
8.46799 0.646528 -1.4937 
8.47885 0.630218 -1.51029 
8.48967 0.613796 -1.52709 
8.50044 0.59725 -1.54409 
8.51118 0.580572 -1.56131 
8.5219 0.563751 -1.57875 
8.53259 0.546775 -1.59643 
8.54327 0.52963 -1.61436 
8.55394 0.512303 -1.63254 
8.56462 0.494781 -1.651 
8.57529 0.477058 -1.66972 
8.58597 0.459125 -1.68872 
8.59666 0.440966 -1.70802 
8.60738 0.422562 -1.72761 
8.61812 0.40389 -1.74754 
8.62891 0.384926 -1.76781 
8.63976 0.36564 -1.78845 
8.65068 0.345998 -1.80949 
8.66168 0.32596 -1.83096 
8.6728 0.305481 -1.85291 
8.68406 0.284504 -1.87538 
8.69547 0.262962 -1.89843 
8.70696 0.241025 -1.92187 
8.7184 0.218908 -1.94545 
8.72978 0.19662 -1.96914 
8.74112 0.174155 -1.99293 
8.75242 0.151502 -2.01682 
8.76368 0.128653 -2.0408 
8.77491 0.105598 -2.06485 
8.78612 0.0823252 -2.08897 
8.79731 0.0588242 -2.11315 
8.80848 0.0350818 -2.13736 
8.81964 0.0110843 -2.1616 
8.83081 -0.0131834 -2.18586 
8.84197 -0.0377219 -2.21009 
8.85314 -0.0625388 -2.23429 
8.86431 -0.0876469 -2.25841 
8.87551 -0.113062 -2.28245 
8.88673 -0.138804 -2.30637 
8.89798 -0.164895 -2.33015 
8.90885 -0.190333 -2.35285 
8.91891 -0.214125 -2.37363 
8.92835 -0.236618 -2.39285 
8.93727 -0.25805 -2.41077 
8.94577 -0.278592 -2.42755 
8.95389 -0.298371 -2.44334 
8.96169 -0.317486 -2.45824 
8.9692 -0.336017 -2.47234 
8.97647 -0.354027 -2.4857 
8.98351 -0.371569 -2.49838 
8.99034 -0.388688 -2.51042 
8.99699 -0.40542 -2.52187 
9.00347 -0.421798 -2.53277 
9.0098 -0.43785 -2.54314 
9.01598 -0.453601 -2.553 
9.02203 -0.469071 -2.56239 
9.02795 -0.48428 -2.57132 
9.03376 -0.499244 -2.57981 
9.03946 -0.513979 -2.58787 
9.04507 -0.528499 -2.59553 
9.05058 -0.542816 -2.60278 
9.05599 -0.55694 -2.60966 
9.06133 -0.570884 -2.61616 
9.06659 -0.584655 -2.62229 
9.07177 -0.598262 -2.62807 
9.07689 -0.611714 -2.63351 
9.08193 -0.625018 -2.6386 
9.08692 -0.638181 -2.64337 
9.09184 -0.651208 -2.64781 
9.09671 -0.664107 -2.65192 
9.10152 -0.676882 -2.65573 
9.10628 -0.689539 -2.65922 
9.111 -0.702082 -2.66241 
9.11567 -0.714517 -2.6653 
9.12029 -0.726847 -2.6679 
9.12487 -0.739076 -2.6702 
9.12941 -0.751209 -2.67221 
9.13392 -0.76325 -2.67393 
9.13839 -0.7752 -2.67538 
9.14282 -0.787064 -2.67654 
9.14722 -0.798846 -2.67742 
9.15159 -0.810547 -2.67803 
9.15593 -0.822171 -2.67836 
9.16024 -0.83372 -2.67842 
9.16453 -0.845198 -2.67822 
9.16879 -0.856606 -2.67774 
9.17302 -0.867947 -2.677 
9.17724 -0.879223 -2.67599 
9.18143 -0.890437 -2.67471 
9.1856 -0.901591 -2.67317 
9.18975 -0.912686 -2.67137 
9.19389 -0.923726 -2.66931 
9.198 -0.934711 -2.66698 
9.2021 -0.945643 -2.66439 
9.20619 -0.956525 -2.66155 
9.21026 -0.967359 -2.65844 
9.21432 -0.978145 -2.65507 
9.21837 -0.988886 -2.65144 
9.22241 -0.999584 -2.64754 
9.22644 -1.01024 -2.64339 
9.23046 -1.02085 -2.63898 
9.23447 -1.03143 -2.6343 
9.23847 -1.04197 -2.62936 
9.24247 -1.05247 -2.62416 
9.24646 -1.06294 -2.61869 
9.25045 -1.07338 -2.61296 
9.25444 -1.08378 -2.60696 
9.25842 -1.09416 -2.60069 
9.26241 -1.1045 -2.59416 
9.26639 -1.11482 -2.58735 
9.27037 -1.12511 -2.58027 
9.27436 -1.13538 -2.57292 
9.27834 -1.14562 -2.5653 
9.28233 -1.15583 -2.5574 
9.28632 -1.16601 -2.54922 
9.29031 -1.17618 -2.54077 
9.29431 -1.18632 -2.53204 
9.29831 -1.19644 -2.52302 
9.30233 -1.20654 -2.51372 
9.30635 -1.21663 -2.50413 
9.31037 -1.2267 -2.49425 
9.31441 -1.23675 -2.48407 
9.31847 -1.24679 -2.4736 
9.32253 -1.25683 -2.46283 
9.32661 -1.26685 -2.45175 
9.3307 -1.27686 -2.44035 
9.33481 -1.28687 -2.42865 
9.33894 -1.29687 -2.41662 
9.34309 -1.30687 -2.40428 
9.34726 -1.31687 -2.3916 
9.35145 -1.32687 -2.37858 
9.35567 -1.33687 -2.36522 
9.35991 -1.34688 -2.35151 
9.36419 -1.3569 -2.33745 
9.36849 -1.36692 -2.32301 
9.37282 -1.37696 -2.30821 
9.37719 -1.38702 -2.29302 
9.3816 -1.39709 -2.27743 
9.38605 -1.40719 -2.26144 
9.39054 -1.41731 -2.24503 
9.39508 -1.42746 -2.2282 
9.39967 -1.43764 -2.21091 
9.40431 -1.44786 -2.19317 
9.409 -1.45812 -2.17494 
9.41376 -1.46842 -2.15622 
9.41859 -1.47878 -2.13698 
9.42348 -1.48919 -2.11719 
9.42846 -1.49967 -2.09683 
9.43351 -1.51022 -2.07588 
9.43866 -1.52086 -2.05428 
9.44391 -1.53158 -2.03202 
9.44927 -1.54241 -2.00903 
9.45475 -1.55335 -1.98528 
9.46036 -1.56442 -1.96069 
9.46612 -1.57564 -1.93521 
9.47205 -1.58704 -1.90874 
9.47817 -1.59863 -1.88118 
9.4845 -1.61045 -1.8524 
9.49108 -1.62254 -1.82226 
9.49796 -1.63496 -1.79053 
9.50518 -1.64778 -1.75695 
9.51261 -1.66069 -1.72225 
9.52012 -1.6735 -1.68695 
9.52766 -1.68609 -1.65132 
9.53522 -1.69844 -1.61553 
9.54277 -1.71049 -1.57969 
9.55031 -1.72228 -1.54381 
9.55786 -1.73379 -1.50791 
9.5654 -1.74503 -1.47203 
9.57294 -1.756 -1.43618 
9.58049 -1.7667 -1.40038 
9.58804 -1.77714 -1.36465 
9.59561 -1.78733 -1.329 
9.60318 -1.79726 -1.29346 
9.61077 -1.80694 -1.25802 
9.61838 -1.81637 -1.22271 
9.626 -1.82557 -1.18754 
9.63365 -1.83452 -1.15251 
9.64103 -1.8429 -1.11899 
9.64818 -1.85078 -1.08679 
9.65514 -1.85823 -1.05571 
9.66193 -1.8653 -1.02563 
9.66858 -1.87202 -0.996449 
9.67511 -1.87844 -0.968067 
9.68153 -1.88456 -0.940417 
9.68786 -1.89043 -0.913438 
9.69411 -1.89605 -0.887079 
9.70028 -1.90145 -0.861296 
9.70639 -1.90664 -0.836051 
9.71244 -1.91162 -0.81131 
9.71844 -1.91642 -0.787045 
9.7244 -1.92104 -0.763229 
9.73032 -1.92548 -0.739839 
9.73621 -1.92977 -0.716854 
9.74206 -1.9339 -0.694257 
9.74789 -1.93788 -0.67203 
9.7537 -1.94172 -0.650157 
9.75949 -1.94542 -0.628626 
9.76526 -1.94899 -0.607422 
9.77102 -1.95243 -0.586535 
9.77678 -1.95575 -0.565953 
9.78252 -1.95894 -0.545667 
9.78826 -1.96201 -0.525667 
9.794 -1.96497 -0.505945 
9.79974 -1.96782 -0.486495 
9.80548 -1.97056 -0.467316 
9.81122 -1.97319 -0.448402 
9.81697 -1.97571 -0.42975 
9.82272 -1.97813 -0.411351 
9.82847 -1.98044 -0.3932 
9.83424 -1.98266 -0.375291 
9.84002 -1.98478 -0.357618 
9.84581 -1.9868 -0.340175 
9.85161 -1.98872 -0.322957 
9.85743 -1.99055 -0.305959 
9.86327 -1.99229 -0.289177 
9.86913 -1.99393 -0.272605 
9.87501 -1.99549 -0.256241 
9.88092 -1.99695 -0.240078 
9.88685 -1.99833 -0.224115 
9.89281 -1.99962 -0.208346 
9.89879 -2.00082 -0.192769 
9.90481 -2.00193 -0.177379 
9.91086 -2.00296 -0.162175 
9.91694 -2.0039 -0.147152 
9.92306 -2.00476 -0.132307 
9.92922 -2.00552 -0.117639 
9.93542 -2.00621 -0.103143 
9.94165 -2.00681 -0.0888168 
9.94793 -2.00732 -0.0746584 
9.95426 -2.00775 -0.0606648 
9.96063 -2.00809 -0.0468336 
9.96705 -2.00835 -0.0331624 
9.97352 -2.00852 -0.0196488 
9.98004 -2.0086 -0.0062904 
9.98662 -2.0086 0.00691498 
9.99326 -2.00851 0.0199696 
9.99995 -2.00833 0.0328756 
10.0067 -2.00807 0.0456352 
10.0135 -2.00771 0.0582505 
10.0204 -2.00727 0.0707236 
10.0274 -2.00674 0.0830566 
10.0344 -2.00611 0.0952515 
10.0415 -2.00539 0.10731 
10.0486 -2.00458 0.119235 
10.0559 -2.00367 0.131028 
10.0632 -2.00267 0.142691 
10.0706 -2.00157 0.154226 
10.0781 -2.00037 0.165636 
10.0857 -1.99906 0.176921 
10.0934 -1.99766 0.188085 
10.1012 -1.99615 0.19913 
10.1091 -1.99454 0.210057 
10.1171 -1.99282 0.220868 
10.1252 -1.99098 0.231567 
10.1334 -1.98904 0.242155 
10.1417 -1.98698 0.252635 
10.1502 -1.9848 0.263009 
10.1588 -1.98249 0.273279 
10.1675 -1.98007 0.283448 
10.1764 -1.97751 0.293519 
10.1854 -1.97483 0.303495 
10.1945 -1.97201 0.313378 
10.2038 -1.96905 0.323171 
10.2133 -1.96594 0.332878 
10.2229 -1.96269 0.342501 
10.2327 -1.95928 0.352045 
10.2427 -1.95571 0.361513 
10.2529 -1.95198 0.370909 
10.2633 -1.94808 0.380237 
10.2739 -1.94399 0.389501 
10.2847 -1.93972 0.398707 
10.2958 -1.93526 0.40786 
10.3071 -1.93059 0.416964 
10.3187 -1.92571 0.426027 
10.3306 -1.9206 0.435055 
10.3427 -1.91526 0.444055 
10.3552 -1.90967 0.453034 
10.368 -1.90382 0.462003 
10.3811 -1.89768 0.47097 
10.3947 -1.89125 0.479947 
10.4086 -1.8845 0.488945 
10.423 -1.8774 0.497979 
10.4378 -1.86994 0.507065 
10.4532 -1.86208 0.51622 
10.4691 -1.85379 0.525467 
10.4856 -1.84502 0.53483 
10.5028 -1.83573 0.544339 
10.5208 -1.82586 0.554029 
10.5396 -1.81534 0.563946 
10.5594 -1.80407 0.574144 
10.5804 -1.79195 0.584695 
10.6024 -1.77892 0.595602 
10.6252 -1.76524 0.606656 
10.6484 -1.75102 0.617758 
10.672 -1.73634 0.628868 
10.6957 -1.72126 0.639974 
10.7197 -1.7058 0.651077 
10.7438 -1.68999 0.662186 
10.7679 -1.67387 0.673312 
10.7921 -1.65744 0.684467 
10.8163 -1.64076 0.695647 
10.8404 -1.62387 0.706852 
10.8644 -1.60678 0.718097 
10.8882 -1.58951 0.729392 
10.9119 -1.57208 0.74075 
10.9355 -1.55451 0.75218 
10.9588 -1.5368 0.763694 
10.982 -1.51898 0.775299 
11.0049 -1.50105 0.787005 
11.0277 -1.48303 0.79882 
11.0502 -1.46492 0.810751 
11.0724 -1.44674 0.822806 
11.0944 -1.42849 0.83499 
11.1158 -1.41054 0.847067 
11.1365 -1.39287 0.85906 
11.1567 -1.37543 0.870993 
11.1763 -1.3582 0.882887 
11.1955 -1.34117 0.89476 
11.2142 -1.3243 0.906626 
11.2325 -1.30759 0.918497 
11.2504 -1.29102 0.930384 
11.268 -1.27457 0.942296 
11.2852 -1.25825 0.954242 
11.3021 -1.24203 0.966229 
11.3187 -1.22591 0.978264 
11.335 -1.20988 0.990353 
11.351 -1.19393 1.0025 
11.3667 -1.17806 1.01471 
11.3822 -1.16225 1.02699 
11.3974 -1.14651 1.03934 
11.4124 -1.13083 1.05177 
11.4272 -1.1152 1.06428 
11.4418 -1.09961 1.07688 
11.4561 -1.08407 1.08956 
11.4703 -1.06856 1.10233 
11.4842 -1.05309 1.11519 
11.498 -1.03765 1.12815 
11.5116 -1.02222 1.14122 
11.525 -1.00682 1.15438 
11.5383 -0.991437 1.16765 
11.5514 -0.976063 1.18102 
11.5643 -0.960695 1.19451 
11.5771 -0.94533 1.20811 
11.5897 -0.929964 1.22182 
11.6022 -0.914593 1.23566 
11.6146 -0.899213 1.24961 
11.6269 -0.883818 1.26369 
11.639 -0.868406 1.2779 
11.651 -0.852971 1.29224 
11.6629 -0.837509 1.30671 
11.6747 -0.822016 1.32132 
11.6864 -0.806487 1.33607 
11.698 -0.790917 1.35096 
11.7095 -0.7753 1.36601 
11.7209 -0.759633 1.3812 
11.7322 -0.743908 1.39655 
11.7434 -0.728121 1.41206 
11.7546 -0.712266 1.42773 
11.7657 -0.696336 1.44357 
11.7767 -0.680325 1.45959 
11.7877 -0.664225 1.47579 
11.7986 -0.648029 1.49217 
11.8095 -0.63173 1.50875 
11.8203 -0.615318 1.52553 
11.8311 -0.598784 1.54251 
11.8418 -0.582119 1.55971 
11.8525 -0.565311 1.57713 
11.8632 -0.54835 1.59479 
11.8739 -0.531221 1.61269 
11.8846 -0.513912 1.63085 
11.8953 -0.496407 1.64928 
11.9059 -0.478703 1.66798 
11.9166 -0.46079 1.68696 
11.9273 -0.442653 1.70622 
11.938 -0.424272 1.72579 
11.9488 -0.405626 1.74568 
11.9595 -0.38669 1.76592 
11.9704 -0.367435 1.78653 
11.9813 -0.347827 1.80753 
11.9923 -0.327828 1.82896 
12.0034 -0.307391 1.85086 
12.0146 -0.286463 1.87328 
12.026 -0.264977 1.89628 
12.0375 -0.243074 1.91968 
12.049 -0.220973 1.94325 
12.0604 -0.198702 1.96693 
12.0717 -0.176253 1.99071 
12.083 -0.153618 2.0146 
12.0943 -0.130788 2.03857 
12.1055 -0.107752 2.06261 
12.1167 -0.0845004 2.08673 
12.1279 -0.0610212 2.11089 
12.1391 -0.0373018 2.13511 
12.1502 -0.0133287 2.15934 
12.1614 0.0109132 2.1836 
12.1726 0.0354259 2.20784 
12.1837 0.0602162 2.23204 
12.1949 0.0852965 2.25617 
12.2061 0.110683 2.28021 
12.2173 0.136393 2.30415 
12.2286 0.16245 2.32794 
12.2395 0.188064 2.35085 
12.2496 0.21199 2.37179 
12.2591 0.234592 2.39114 
12.2681 0.256114 2.40917 
12.2766 0.276732 2.42605 
12.2848 0.296577 2.44192 
12.2926 0.31575 2.4569 
12.3001 0.334332 2.47107 
12.3074 0.352387 2.48449 
12.3145 0.369971 2.49723 
12.3213 0.387126 2.50934 
12.328 0.403893 2.52084 
12.3345 0.420303 2.53179 
12.3408 0.436384 2.5422 
12.347 0.452161 2.55212 
12.3531 0.467656 2.56155 
12.359 0.482888 2.57052 
12.3649 0.497875 2.57904 
12.3706 0.51263 2.58715 
12.3762 0.527169 2.59484 
12.3817 0.541504 2.60213 
12.3871 0.555646 2.60904 
12.3925 0.569606 2.61557 
12.3977 0.583392 2.62174 
12.4029 0.597015 2.62756 
12.408 0.610481 2.63302 
12.4131 0.623798 2.63815 
12.4181 0.636973 2.64294 
12.423 0.650013 2.64741 
12.4279 0.662923 2.65156 
12.4327 0.67571 2.65539 
12.4375 0.688377 2.65891 
12.4422 0.700931 2.66213 
12.4469 0.713375 2.66505 
12.4515 0.725715 2.66767 
12.4561 0.737953 2.67 
12.4606 0.750095 2.67204 
12.4651 0.762144 2.67379 
12.4696 0.774102 2.67526 
12.474 0.785974 2.67644 
12.4784 0.797763 2.67735 
12.4828 0.809472 2.67798 
12.4872 0.821103 2.67834 
12.4915 0.832659 2.67843 
12.4958 0.844143 2.67825 
12.5 0.855557 2.6778 
12.5043 0.866904 2.67708 
12.5085 0.878187 2.67609 
12.5127 0.889406 2.67484 
12.5168 0.900565 2.67333 
12.521 0.911666 2.67155 
12.5251 0.922711 2.66951 
12.5293 0.9337 2.66721 
12.5334 0.944638 2.66464 
12.5374 0.955524 2.66182 
12.5415 0.966362 2.65873 
12.5456 0.977153 2.65539 
12.5496 0.987898 2.65178 
12.5537 0.998599 2.64792 
12.5577 1.00926 2.64379 
12.5617 1.01988 2.6394 
12.5657 1.03046 2.63474 
12.5697 1.041 2.62983 
12.5737 1.05151 2.62465 
12.5777 1.06198 2.61921 
12.5817 1.07242 2.6135 
12.5857 1.08282 2.60752 
12.5897 1.0932 2.60128 
12.5937 1.10355 2.59477 
12.5977 1.11387 2.58799 
12.6016 1.12417 2.58093 
12.6056 1.13443 2.57361 
12.6096 1.14467 2.56601 
12.6136 1.15489 2.55814 
12.6176 1.16508 2.54999 
12.6216 1.17524 2.54156 
12.6256 1.18539 2.53286 
12.6296 1.19551 2.52387 
12.6336 1.20561 2.51459 
12.6376 1.2157 2.50503 
12.6416 1.22577 2.49517 
12.6457 1.23583 2.48503 
12.6497 1.24587 2.47458 
12.6538 1.2559 2.46383 
12.6579 1.26592 2.45278 
12.662 1.27594 2.44142 
12.6661 1.28594 2.42974 
12.6702 1.29595 2.41775 
12.6743 1.30595 2.40543 
12.6785 1.31595 2.39278 
12.6827 1.32595 2.37979 
12.6869 1.33595 2.36647 
12.6911 1.34596 2.35279 
12.6954 1.35597 2.33876 
12.6997 1.366 2.32436 
12.7041 1.37604 2.30959 
12.7084 1.38609 2.29443 
12.7128 1.39617 2.27889 
12.7173 1.40626 2.26293 
12.7218 1.41638 2.24656 
12.7263 1.42652 2.22977 
12.7309 1.4367 2.21252 
12.7355 1.44692 2.19482 
12.7402 1.45717 2.17664 
12.745 1.46747 2.15797 
12.7498 1.47782 2.13877 
12.7547 1.48823 2.11904 
12.7596 1.4987 2.09873 
12.7647 1.50925 2.07783 
12.7698 1.51987 2.0563 
12.7751 1.53059 2.0341 
12.7804 1.5414 2.01118 
12.7859 1.55233 1.9875 
12.7915 1.56339 1.963 
12.7972 1.5746 1.9376 
12.8031 1.58598 1.91122 
12.8092 1.59755 1.88377 
12.8155 1.60935 1.85511 
12.8221 1.62141 1.8251 
12.8289 1.6338 1.79353 
12.8361 1.64658 1.76013 
12.8435 1.65949 1.72553 
12.851 1.6723 1.69028 
12.8586 1.68492 1.65468 
12.8661 1.69729 1.6189 
12.8737 1.70937 1.58306 
12.8812 1.72118 1.54719 
12.8888 1.73272 1.51129 
12.8963 1.74398 1.47541 
12.9039 1.75497 1.43955 
12.9114 1.7657 1.40374 
12.919 1.77617 1.36801 
12.9265 1.78638 1.33235 
12.9341 1.79634 1.2968 
12.9417 1.80604 1.26135 
12.9493 1.8155 1.22603 
12.9569 1.82471 1.19084 
12.9646 1.83368 1.1558 
12.972 1.84212 1.12215 
12.9791 1.85004 1.08982 
12.9861 1.85753 1.05865 
12.9929 1.86464 1.02848 
12.9996 1.87139 0.999212 
13.0061 1.87783 0.970756 
13.0125 1.88399 0.943039 
13.0189 1.88988 0.915998 
13.0251 1.89552 0.889582 
13.0313 1.90094 0.863745 
13.0374 1.90615 0.83845 
13.0435 1.91115 0.813662 
13.0495 1.91597 0.789352 
13.0555 1.9206 0.765494 
13.0614 1.92507 0.742064 
13.0673 1.92937 0.719042 
13.0731 1.93351 0.696408 
13.079 1.93751 0.674146 
13.0848 1.94136 0.65224 
13.0906 1.94508 0.630676 
13.0963 1.94866 0.609442 
13.1021 1.95211 0.588525 
13.1079 1.95543 0.567914 
13.1136 1.95864 0.5476 
13.1193 1.96172 0.527573 
13.1251 1.9647 0.507825 
13.1308 1.96755 0.488349 
13.1366 1.9703 0.469143 
13.1423 1.97294 0.450205 
13.148 1.97547 0.431527 
13.1538 1.9779 0.413104 
13.1595 1.98023 0.39493 
13.1653 1.98245 0.376998 
13.1711 1.98458 0.359302 
13.1769 1.98661 0.341837 
13.1827 1.98854 0.324598 
13.1885 1.99038 0.30758 
13.1943 1.99213 0.290777 
13.2002 1.99378 0.274185 
13.2061 1.99534 0.257801 
13.212 1.99682 0.241619 
13.2179 1.9982 0.225637 
13.2239 1.9995 0.20985 
13.2298 2.00071 0.194254 
13.2359 2.00183 0.178847 
13.2419 2.00287 0.163625 
13.248 2.00381 0.148585 
13.2541 2.00468 0.133723 
13.2603 2.00546 0.119038 
13.2664 2.00615 0.104525 
13.2727 2.00675 0.0901831 
13.279 2.00728 0.0760087 
13.2853 2.00771 0.0619995 
13.2916 2.00806 0.0481528 
13.2981 2.00833 0.0344664 
13.3045 2.00851 0.0209378 
13.311 2.0086 0.00756459 
13.3176 2.0086 -0.00565537 
13.3242 2.00852 -0.0187243 
13.3309 2.00835 -0.0316445 
13.3377 2.0081 -0.0444181 
13.3445 2.00775 -0.0570471 
13.3514 2.00732 -0.0695338 
13.3583 2.00679 -0.0818801 
13.3653 2.00617 -0.0940881 
13.3724 2.00546 -0.10616 
13.3796 2.00466 -0.118098 
13.3868 2.00376 -0.129903 
13.3941 2.00277 -0.141578 
13.4016 2.00168 -0.153126 
13.4091 2.00048 -0.164547 
13.4166 1.99919 -0.175844 
13.4243 1.9978 -0.18702 
13.4321 1.9963 -0.198076 
13.44 1.9947 -0.209014 
13.448 1.99299 -0.219837 
13.456 1.99116 -0.230546 
13.4643 1.98923 -0.241145 
13.4726 1.98718 -0.251635 
13.481 1.98501 -0.262019 
13.4896 1.98272 -0.272299 
13.4983 1.98031 -0.282478 
13.5071 1.97776 -0.292558 
13.5161 1.97509 -0.302543 
13.5252 1.97228 -0.312434 
13.5345 1.96934 -0.322236 
13.544 1.96625 -0.331951 
13.5536 1.96301 -0.341582 
13.5634 1.95961 -0.351133 
13.5734 1.95606 -0.360608 
13.5835 1.95235 -0.370011 
13.5939 1.94846 -0.379345 
13.6045 1.94439 -0.388616 
13.6153 1.94014 -0.397827 
13.6264 1.9357 -0.406984 
13.6376 1.93105 -0.416093 
13.6492 1.92619 -0.42516 
13.661 1.9211 -0.434191 
13.6732 1.91579 -0.443193 
13.6856 1.91022 -0.452174 
13.6984 1.90439 -0.461143 
13.7115 1.89828 -0.47011 
13.725 1.89188 -0.479085 
13.7389 1.88516 -0.488081 
13.7532 1.8781 -0.497111 
13.768 1.87067 -0.506191 
13.7833 1.86285 -0.515339 
13.7992 1.85461 -0.524576 
13.8156 1.84589 -0.533926 
13.8328 1.83665 -0.54342 
13.8507 1.82684 -0.553091 
13.8694 1.81638 -0.562984 
13.8891 1.80519 -0.573152 
13.9099 1.79315 -0.583665 
13.9319 1.78019 -0.594557 
13.9546 1.76656 -0.605606 
13.9778 1.75238 -0.616708 
14.0014 1.73774 -0.627818 
14.0251 1.7227 -0.638925 
14.0491 1.70727 -0.650028 
14.0731 1.6915 -0.661136 
14.0973 1.6754 -0.67226 
14.1215 1.659 -0.683413 
14.1456 1.64235 -0.69459 
14.1697 1.62547 -0.705793 
14.1937 1.6084 -0.717033 
14.2176 1.59115 -0.728323 
14.2413 1.57373 -0.739674 
14.2649 1.55617 -0.751098 
14.2883 1.53848 -0.762603 
14.3114 1.52067 -0.774199 
14.3344 1.50275 -0.785895 
14.3572 1.48474 -0.7977 
14.3797 1.46664 -0.809619 
14.402 1.44846 -0.821662 
14.424 1.43022 -0.833834 
14.4454 1.41224 -0.84592 
14.4662 1.39454 -0.85792 
14.4864 1.37708 -0.869858 
14.5061 1.35983 -0.881755 
14.5253 1.34278 -0.893629 
14.5441 1.3259 -0.905495 
14.5624 1.30917 -0.917365 
14.5804 1.29259 -0.92925 
14.598 1.27614 -0.941159 
14.6152 1.2598 -0.953102 
14.6321 1.24357 -0.965085 
14.6488 1.22744 -0.977115 
14.6651 1.2114 -0.989198 
14.6811 1.19545 -1.00134 
14.6969 1.17957 -1.01355 
14.7124 1.16376 -1.02582 
14.7276 1.14801 -1.03816 
14.7427 1.13232 -1.05059 
14.7575 1.11668 -1.06309 
14.772 1.10109 -1.07567 
14.7864 1.08555 -1.08835 
14.8006 1.07004 -1.10111 
14.8145 1.05456 -1.11396 
14.8283 1.03912 -1.12692 
14.8419 1.02369 -1.13997 
14.8554 1.00829 -1.15312 
14.8686 0.992903 -1.16638 
14.8817 0.977528 -1.17974 
14.8947 0.962159 -1.19322 
14.9075 0.946795 -1.2068 
14.9202 0.931429 -1.22051 
14.9327 0.916059 -1.23433 
14.9451 0.900679 -1.24828 
14.9573 0.885286 -1.26234 
14.9695 0.869876 -1.27654 
14.9815 0.854443 -1.29087 
14.9934 0.838984 -1.30533 
15.0052 0.823494 -1.31992 
15.0169 0.807969 -1.33466 
15.0285 0.792403 -1.34954 
15.04 0.776791 -1.36457 
15.0514 0.761128 -1.37974 
15.0628 0.745409 -1.39508 
15.074 0.729629 -1.41057 
15.0852 0.71378 -1.42623 
15.0963 0.697858 -1.44206 
15.1073 0.681854 -1.45806 
15.1183 0.665763 -1.47424 
15.1292 0.649577 -1.4906 
15.1401 0.633288 -1.50716 
15.1509 0.616887 -1.52392 
15.1617 0.600365 -1.54088 
15.1724 0.583713 -1.55806 
15.1831 0.56692 -1.57546 
15.1938 0.549973 -1.5931 
15.2045 0.532861 -1.61097 
15.2152 0.51557 -1.62911 
15.2259 0.498083 -1.64751 
15.2365 0.480399 -1.66619 
15.2472 0.462506 -1.68514 
15.2579 0.44439 -1.70437 
15.2686 0.426034 -1.72391 
15.2794 0.407414 -1.74378 
15.2901 0.388507 -1.76398 
15.301 0.369283 -1.78455 
15.3119 0.349711 -1.80551 
15.3229 0.329751 -1.8269 
15.334 0.309358 -1.84875 
15.3452 0.288479 -1.87112 
15.3566 0.267049 -1.89406 
15.368 0.245183 -1.91743 
15.3795 0.223097 -1.94099 
15.3909 0.200843 -1.96466 
15.4022 0.178411 -1.98843 
15.4135 0.155795 -2.0123 
15.4248 0.132984 -2.03627 
15.4361 0.109968 -2.06031 
15.4473 0.0867374 -2.08441 
15.4585 0.0632805 -2.10858 
15.4696 0.0395847 -2.13278 
15.4808 0.0156365 -2.15702 
15.492 -0.00857898 -2.18128 
15.5031 -0.0330652 -2.20552 
15.5143 -0.0578283 -2.22972 
15.5255 -0.0828801 -2.25386 
15.5366 -0.108236 -2.27792 
15.5479 -0.133915 -2.30186 
15.5591 -0.159937 -2.32567 
15.5701 -0.185735 -2.34878 
15.5803 -0.209802 -2.36989 
15.5899 -0.232517 -2.38938 
15.5989 -0.254132 -2.40752 
15.6075 -0.274829 -2.42451 
15.6157 -0.294741 -2.44047 
15.6235 -0.313974 -2.45553 
15.6311 -0.332608 -2.46977 
15.6384 -0.350711 -2.48326 
15.6455 -0.368337 -2.49606 
15.6523 -0.385531 -2.50823 
15.659 -0.402332 -2.51979 
15.6655 -0.418774 -2.53078 
15.6719 -0.434885 -2.54125 
15.6781 -0.45069 -2.5512 
15.6842 -0.466211 -2.56068 
15.6901 -0.481467 -2.56969 
15.6959 -0.496476 -2.57826 
15.7017 -0.511253 -2.5864 
15.7073 -0.525812 -2.59413 
15.7128 -0.540165 -2.60146 
15.7182 -0.554325 -2.60841 
15.7236 -0.568301 -2.61497 
15.7289 -0.582104 -2.62118 
15.7341 -0.595741 -2.62702 
15.7392 -0.609221 -2.63252 
15.7443 -0.622552 -2.63768 
15.7492 -0.635741 -2.64251 
15.7542 -0.648793 -2.647 
15.7591 -0.661715 -2.65118 
15.7639 -0.674513 -2.65504 
15.7687 -0.687191 -2.6586 
15.7734 -0.699755 -2.66184 
15.7781 -0.71221 -2.66479 
15.7827 -0.724559 -2.66744 
15.7873 -0.736807 -2.66979 
15.7918 -0.748958 -2.67186 
15.7963 -0.761015 -2.67363 
15.8008 -0.772982 -2.67513 
15.8053 -0.784862 -2.67634 
15.8097 -0.796658 -2.67728 
15.814 -0.808374 -2.67794 
15.8184 -0.820012 -2.67832 
15.8227 -0.831575 -2.67843 
15.827 -0.843066 -2.67828 
15.8313 -0.854487 -2.67785 
15.8355 -0.86584 -2.67716 
15.8397 -0.877129 -2.67619 
15.8439 -0.888354 -2.67497 
15.8481 -0.899519 -2.67348 
15.8522 -0.910625 -2.67173 
15.8564 -0.921675 -2.66971 
15.8605 -0.93267 -2.66743 
15.8646 -0.943612 -2.6649 
15.8687 -0.954503 -2.6621 
15.8728 -0.965345 -2.65904 
15.8768 -0.97614 -2.65571 
15.8809 -0.98689 -2.65213 
15.8849 -0.997595 -2.64829 
15.8889 -1.00826 -2.64419 
15.893 -1.01888 -2.63982 
15.897 -1.02946 -2.63519 
15.901 -1.04001 -2.6303 
15.905 -1.05052 -2.62515 
15.909 -1.06099 -2.61973 
15.913 -1.07144 -2.61405 
15.917 -1.08185 -2.6081 
15.9209 -1.09223 -2.60188 
15.9249 -1.10258 -2.59539 
15.9289 -1.1129 -2.58864 
15.9329 -1.1232 -2.58161 
15.9369 -1.13347 -2.57431 
15.9409 -1.14371 -2.56674 
15.9448 -1.15393 -2.55889 
15.9488 -1.16412 -2.55077 
15.9528 -1.17429 -2.54237 
15.9568 -1.18443 -2.53369 
15.9608 -1.19456 -2.52472 
15.9648 -1.20466 -2.51547 
15.9689 -1.21475 -2.50594 
15.9729 -1.22482 -2.49611 
15.9769 -1.23488 -2.48599 
15.981 -1.24493 -2.47557 
15.985 -1.25496 -2.46486 
15.9891 -1.26498 -2.45383 
15.9932 -1.275 -2.4425 
15.9973 -1.285 -2.43085 
16.0014 -1.29501 -2.41889 
16.0056 -1.30501 -2.4066 
16.0097 -1.31501 -2.39398 
16.0139 -1.32501 -2.38103 
16.0181 -1.33501 -2.36774 
16.0224 -1.34502 -2.35409 
16.0266 -1.35503 -2.34009 
16.0309 -1.36506 -2.32573 
16.0353 -1.37509 -2.31099 
16.0396 -1.38515 -2.29587 
16.044 -1.39522 -2.28036 
16.0485 -1.40531 -2.26445 
16.053 -1.41542 -2.24812 
16.0575 -1.42557 -2.23136 
16.0621 -1.43574 -2.21416 
16.0667 -1.44595 -2.19651 
16.0714 -1.4562 -2.17837 
16.0761 -1.4665 -2.15974 
16.0809 -1.47685 -2.1406 
16.0858 -1.48725 -2.12092 
16.0908 -1.49772 -2.10067 
16.0958 -1.50825 -2.07983 
16.101 -1.51887 -2.05835 
16.1062 -1.52958 -2.03622 
16.1115 -1.54038 -2.01337 
16.117 -1.5513 -1.98976 
16.1226 -1.56235 -1.96534 
16.1283 -1.57354 -1.94003 
16.1342 -1.5849 -1.91375 
16.1403 -1.59645 -1.8864 
16.1466 -1.60823 -1.85786 
16.1531 -1.62027 -1.82798 
16.1599 -1.63262 -1.79657 
16.1671 -1.64536 -1.76336 
16.1745 -1.65826 -1.72886 
16.1819 -1.67109 -1.69366 
16.1895 -1.68372 -1.65809 
16.197 -1.69612 -1.62232 
16.2046 -1.70823 -1.58649 
16.2121 -1.72006 -1.55062 
16.2197 -1.73162 -1.51472 
16.2272 -1.74292 -1.47883 
16.2348 -1.75394 -1.44297 
16.2423 -1.76469 -1.40716 
16.2499 -1.77518 -1.37142 
16.2574 -1.78542 -1.33576 
16.265 -1.7954 -1.30019 
16.2726 -1.80512 -1.26473 
16.2802 -1.8146 -1.2294 
16.2878 -1.82384 -1.1942 
16.2955 -1.83284 -1.15914 
16.3029 -1.84132 -1.12535 
16.3101 -1.84929 -1.0929 
16.3171 -1.85683 -1.06162 
16.3239 -1.86396 -1.03136 
16.3306 -1.87075 -1.00201 
16.3371 -1.87722 -0.973481 
16.3436 -1.8834 -0.945695 
16.3499 -1.88932 -0.918591 
16.3562 -1.89499 -0.892116 
16.3624 -1.90043 -0.866225 
16.3685 -1.90565 -0.840879 
16.3745 -1.91067 -0.816043 
16.3805 -1.91551 -0.791688 
16.3865 -1.92016 -0.767787 
16.3924 -1.92464 -0.744317 
16.3983 -1.92896 -0.721256 
16.4042 -1.93312 -0.698585 
16.41 -1.93713 -0.676288 
16.4158 -1.94099 -0.654348 
16.4216 -1.94472 -0.632752 
16.4274 -1.94831 -0.611486 
16.4332 -1.95178 -0.590539 
16.4389 -1.95512 -0.569899 
16.4447 -1.95833 -0.549556 
16.4504 -1.96143 -0.529502 
16.4562 -1.96441 -0.509727 
16.4619 -1.96728 -0.490224 
16.4676 -1.97004 -0.470993 
16.4734 -1.97269 -0.452028 
16.4791 -1.97523 -0.433326 
16.4849 -1.97767 -0.414878 
16.4906 -1.98001 -0.39668 
16.4964 -1.98224 -0.378725 
16.5022 -1.98438 -0.361007 
16.5079 -1.98641 -0.34352 
16.5137 -1.98836 -0.326259 
16.5196 -1.99021 -0.309219 
16.5254 -1.99196 -0.292396 
16.5313 -1.99362 -0.275784 
16.5371 -1.9952 -0.25938 
16.543 -1.99668 -0.243179 
16.549 -1.99807 -0.227177 
16.5549 -1.99938 -0.211371 
16.5609 -2.0006 -0.195757 
16.5669 -2.00173 -0.180332 
16.5729 -2.00277 -0.165092 
16.579 -2.00373 -0.150034 
16.5851 -2.0046 -0.135156 
16.5913 -2.00538 -0.120453 
16.5975 -2.00608 -0.105924 
16.6037 -2.0067 -0.0915656 
16.61 -2.00723 -0.077375 
16.6163 -2.00767 -0.0633499 
16.6227 -2.00803 -0.0494876 
16.6291 -2.0083 -0.0357857 
16.6355 -2.00849 -0.0222419 
16.642 -2.00859 -0.00885378 
16.6486 -2.00861 0.00438092 
16.6552 -2.00853 0.0174644 
16.6619 -2.00837 0.0303989 
16.6687 -2.00813 0.0431866 
16.6755 -2.00779 0.0558296 
16.6823 -2.00736 0.0683299 
16.6893 -2.00685 0.0806897 
16.6963 -2.00624 0.0929111 
16.7034 -2.00554 0.104996 
16.7105 -2.00474 0.116947 
16.7177 -2.00385 0.128765 
16.7251 -2.00287 0.140453 
16.7325 -2.00179 0.152012 
16.74 -2.0006 0.163446 
16.7475 -1.99932 0.174755 
16.7552 -1.99794 0.185942 
16.763 -1.99645 0.19701 
16.7708 -1.99486 0.207959 
16.7788 -1.99316 0.218793 
16.7869 -1.99135 0.229513 
16.7951 -1.98942 0.240123 
16.8034 -1.98738 0.250623 
16.8118 -1.98523 0.261017 
16.8204 -1.98295 0.271307 
16.8291 -1.98055 0.281496 
16.8379 -1.97802 0.291585 
16.8469 -1.97536 0.301579 
16.856 -1.97256 0.31148 
16.8652 -1.96963 0.32129 
16.8747 -1.96655 0.331013 
16.8843 -1.96333 0.340652 
16.8941 -1.95995 0.350211 
16.904 -1.95641 0.359693 
16.9142 -1.95271 0.369103 
16.9245 -1.94884 0.378443 
16.9351 -1.9448 0.38772 
16.9459 -1.94056 0.396937 
16.9569 -1.93614 0.406099 
16.9682 -1.93151 0.415212 
16.9797 -1.92667 0.424283 
16.9915 -1.92161 0.433317 
17.0036 -1.91631 0.442321 
17.016 -1.91077 0.451304 
17.0287 -1.90497 0.460274 
17.0418 -1.89889 0.469241 
17.0553 -1.89251 0.478215 
17.0691 -1.88582 0.487208 
17.0834 -1.8788 0.496234 
17.0982 -1.87141 0.505308 
17.1134 -1.86363 0.514449 
17.1292 -1.85542 0.523676 
17.1456 -1.84675 0.533014 
17.1627 -1.83757 0.542492 
17.1805 -1.82781 0.552145 
17.1992 -1.81742 0.562014 
17.2188 -1.80631 0.572153 
17.2395 -1.79436 0.582629 
17.2614 -1.78147 0.593505 
17.2841 -1.76788 0.604549 
17.3072 -1.75375 0.615651 
17.3307 -1.73915 0.626763 
17.3545 -1.72414 0.63787 
17.3784 -1.70875 0.648974 
17.4025 -1.69301 0.660081 
17.4266 -1.67694 0.671203 
17.4508 -1.66057 0.682352 
17.475 -1.64394 0.693528 
17.4991 -1.62708 0.704728 
17.5231 -1.61003 0.715964 
17.547 -1.59279 0.727249 
17.5707 -1.57539 0.738594 
17.5943 -1.55785 0.75001 
17.6177 -1.54016 0.761507 
17.6409 -1.52236 0.773094 
17.6639 -1.50445 0.784781 
17.6866 -1.48645 0.796574 
17.7092 -1.46836 0.808483 
17.7315 -1.45019 0.820513 
17.7536 -1.43195 0.832672 
17.775 -1.41395 0.844769 
17.7959 -1.39622 0.856776 
17.8161 -1.37874 0.868719 
17.8359 -1.36147 0.880619 
17.8551 -1.3444 0.892495 
17.8739 -1.32751 0.904361 
17.8923 -1.31077 0.91623 
17.9103 -1.29417 0.928113 
17.9279 -1.2777 0.94002 
17.9452 -1.26136 0.951959 
17.9622 -1.24512 0.963938 
17.9788 -1.22898 0.975963 
17.9952 -1.21293 0.988041 
18.0112 -1.19697 1.00018 
18.027 -1.18108 1.01238 
18.0425 -1.16526 1.02464 
18.0578 -1.14951 1.03698 
18.0729 -1.13382 1.04939 
18.0877 -1.11818 1.06189 
18.1023 -1.10258 1.07447 
18.1167 -1.08703 1.08713 
18.1308 -1.07152 1.09988 
18.1448 -1.05604 1.11273 
18.1586 -1.04059 1.12567 
18.1723 -1.02517 1.13871 
18.1857 -1.00976 1.15186 
18.199 -0.994373 1.1651 
18.2121 -0.978997 1.17846 
18.2251 -0.963628 1.19192 
18.2379 -0.948263 1.2055 
18.2506 -0.932898 1.21919 
18.2631 -0.917528 1.233 
18.2755 -0.90215 1.24694 
18.2878 -0.886758 1.26099 
18.2999 -0.87135 1.27518 
18.312 -0.85592 1.28949 
18.3239 -0.840463 1.30394 
18.3357 -0.824977 1.31852 
18.3474 -0.809455 1.33324 
18.359 -0.793893 1.34811 
18.3705 -0.778285 1.36312 
18.382 -0.762628 1.37829 
18.3933 -0.746915 1.39361 
18.4046 -0.73114 1.40908 
18.4157 -0.715298 1.42473 
18.4268 -0.699383 1.44054 
18.4379 -0.683388 1.45652 
18.4489 -0.667305 1.47268 
18.4598 -0.651129 1.48903 
18.4707 -0.63485 1.50557 
18.4815 -0.61846 1.52231 
18.4923 -0.60195 1.53925 
18.503 -0.585311 1.55641 
18.5137 -0.568532 1.57379 
18.5244 -0.5516 1.5914 
18.5351 -0.534505 1.60925 
18.5458 -0.517231 1.62736 
18.5565 -0.499764 1.64574 
18.5672 -0.482099 1.66439 
18.5778 -0.464227 1.68331 
18.5885 -0.446133 1.70252 
18.5992 -0.4278 1.72203 
18.61 -0.409207 1.74186 
18.6207 -0.390328 1.76203 
18.6316 -0.371137 1.78256 
18.6425 -0.351599 1.80349 
18.6534 -0.331678 1.82483 
18.6645 -0.311329 1.84664 
18.6757 -0.290499 1.86896 
18.6871 -0.269125 1.89184 
18.6986 -0.247294 1.91518 
18.71 -0.225225 1.93872 
18.7214 -0.202987 1.96238 
18.7328 -0.180573 1.98614 
18.7441 -0.157974 2.01001 
18.7554 -0.135182 2.03396 
18.7666 -0.112186 2.058 
18.7778 -0.088977 2.0821 
18.789 -0.0655424 2.10626 
18.8002 -0.0418701 2.13046 
18.8113 -0.0179467 2.15469 
18.8225 0.00624244 2.17895 
18.8337 0.0307023 2.20319 
18.8448 0.0554383 2.2274 
18.856 0.0804617 2.25155 
18.8672 0.105788 2.27561 
18.8784 0.131434 2.29956 
18.8897 0.157423 2.32339 
18.9008 0.183408 2.34672 
18.9111 0.207618 2.36799 
18.9207 0.230447 2.38762 
18.9297 0.252156 2.40588 
18.9383 0.272932 2.42297 
18.9465 0.292913 2.43902 
18.9544 0.312206 2.45416 
18.962 0.330893 2.46848 
18.9693 0.349043 2.48203 
18.9764 0.366711 2.4949 
18.9833 0.383944 2.50712 
18.99 0.40078 2.51873 
18.9966 0.417255 2.52978 
19.0029 0.433395 2.54029 
19.0091 0.449228 2.5503 
19.0152 0.464774 2.55981 
19.0212 0.480054 2.56887 
19.027 0.495085 2.57748 
19.0328 0.509883 2.58566 
19.0384 0.524462 2.59343 
19.0439 0.538834 2.60079 
19.0494 0.553011 2.60777 
19.0547 0.567004 2.61438 
19.06 0.580823 2.62061 
19.0652 0.594475 2.62649 
19.0703 0.60797 2.63202 
19.0754 0.621314 2.63721 
19.0804 0.634516 2.64207 
19.0854 0.64758 2.6466 
19.0902 0.660515 2.65081 
19.0951 0.673324 2.6547 
19.0998 0.686013 2.65828 
19.1046 0.698588 2.66155 
19.1093 0.711052 2.66453 
19.1139 0.723411 2.6672 
19.1185 0.735668 2.66958 
19.123 0.747828 2.67168 
19.1275 0.759894 2.67348 
19.132 0.771869 2.675 
19.1365 0.783757 2.67624 
19.1409 0.795561 2.6772 
19.1453 0.807284 2.67789 
19.1496 0.81893 2.6783 
19.1539 0.8305 2.67844 
19.1582 0.841997 2.6783 
19.1625 0.853424 2.6779 
19.1667 0.864784 2.67723 
19.1709 0.876078 2.6763 
19.1751 0.887309 2.67509 
19.1793 0.89848 2.67363 
19.1835 0.909591 2.6719 
19.1876 0.920646 2.66991 
19.1917 0.931646 2.66766 
19.1958 0.942593 2.66514 
19.1999 0.953489 2.66237 
19.204 0.964336 2.65933 
19.2081 0.975135 2.65604 
19.2121 0.985889 2.65248 
19.2162 0.996598 2.64866 
19.2202 1.00727 2.64458 
19.2242 1.01789 2.64024 
19.2282 1.02848 2.63564 
19.2322 1.03903 2.63077 
19.2362 1.04954 2.62564 
19.2402 1.06002 2.62025 
19.2442 1.07046 2.61459 
19.2482 1.08088 2.60866 
19.2522 1.09126 2.60247 
19.2562 1.10161 2.59601 
19.2602 1.11194 2.58928 
19.2641 1.12224 2.58228 
19.2681 1.13251 2.575 
19.2721 1.14276 2.56745 
19.2761 1.15298 2.55963 
19.2801 1.16317 2.55154 
19.2841 1.17334 2.54316 
19.2881 1.18349 2.53451 
19.2921 1.19361 2.52557 
19.2961 1.20372 2.51635 
19.3001 1.21381 2.50684 
19.3041 1.22389 2.49704 
19.3082 1.23394 2.48695 
19.3122 1.24399 2.47656 
19.3163 1.25402 2.46587 
19.3204 1.26405 2.45487 
19.3244 1.27406 2.44357 
19.3285 1.28407 2.43195 
19.3327 1.29407 2.42002 
19.3368 1.30407 2.40776 
19.341 1.31407 2.39517 
19.3452 1.32407 2.38225 
19.3494 1.33407 2.36899 
19.3536 1.34408 2.35538 
19.3579 1.3541 2.34141 
19.3622 1.36412 2.32709 
19.3665 1.37416 2.31238 
19.3709 1.38421 2.2973 
19.3753 1.39428 2.28183 
19.3797 1.40437 2.26595 
19.3842 1.41448 2.24966 
19.3887 1.42462 2.23295 
19.3933 1.43479 2.21579 
19.3979 1.445 2.19817 
19.4026 1.45525 2.18009 
19.4073 1.46554 2.1615 
19.4121 1.47588 2.14241 
19.417 1.48628 2.12278 
19.4219 1.49674 2.10258 
19.427 1.50727 2.0818 
19.4321 1.51788 2.06038 
19.4373 1.52857 2.03831 
19.4426 1.53937 2.01553 
19.4481 1.55028 1.992 
19.4537 1.56131 1.96765 
19.4594 1.57249 1.94243 
19.4653 1.58383 1.91624 
19.4713 1.59537 1.889 
19.4776 1.60712 1.86058 
19.4841 1.61913 1.83083 
19.4909 1.63145 1.79957 
19.498 1.64415 1.76654 
19.5054 1.65705 1.73214 
19.5129 1.66989 1.69699 
19.5204 1.68254 1.66145 
19.528 1.69496 1.6257 
19.5355 1.7071 1.58987 
19.5431 1.71896 1.554 
19.5506 1.73055 1.51811 
19.5581 1.74186 1.48221 
19.5657 1.75291 1.44635 
19.5732 1.76369 1.41053 
19.5808 1.77421 1.37478 
19.5883 1.78446 1.33911 
19.5959 1.79447 1.30354 
19.6035 1.80422 1.26807 
19.6111 1.81372 1.23272 
19.6187 1.82298 1.19751 
19.6264 1.832 1.16244 
19.6338 1.84054 1.12851 
19.641 1.84856 1.09594 
19.648 1.85613 1.06456 
19.6549 1.8633 1.0342 
19.6616 1.87012 1.00477 
19.6681 1.87662 0.976166 
19.6746 1.88283 0.948312 
19.6809 1.88877 0.921145 
19.6872 1.89446 0.894612 
19.6934 1.89992 0.868667 
19.6995 1.90516 0.843271 
19.7056 1.9102 0.818388 
19.7116 1.91505 0.793988 
19.7176 1.91972 0.770045 
19.7235 1.92422 0.746535 
19.7294 1.92855 0.723436 
19.7353 1.93273 0.700728 
19.7411 1.93675 0.678396 
19.7469 1.94063 0.656423 
19.7527 1.94437 0.634794 
19.7585 1.94798 0.613498 
19.7642 1.95145 0.59252 
19.77 1.9548 0.571852 
19.7758 1.95803 0.551482 
19.7815 1.96114 0.5314 
19.7872 1.96413 0.511599 
19.793 1.96701 0.49207 
19.7987 1.96978 0.472813 
19.8045 1.97244 0.453823 
19.8102 1.97499 0.435096 
19.8159 1.97744 0.416624 
19.8217 1.97979 0.398403 
19.8275 1.98203 0.380425 
19.8332 1.98418 0.362684 
19.839 1.98622 0.345175 
19.8448 1.98818 0.327893 
19.8506 1.99003 0.310833 
19.8565 1.9918 0.293989 
19.8623 1.99347 0.277357 
19.8682 1.99505 0.260933 
19.8741 1.99654 0.244713 
19.88 1.99794 0.228692 
19.886 1.99926 0.212868 
19.892 2.00048 0.197236 
19.898 2.00162 0.181793 
19.904 2.00267 0.166535 
19.9101 2.00364 0.15146 
19.9162 2.00452 0.136565 
19.9223 2.00531 0.121846 
19.9285 2.00602 0.1073 
19.9347 2.00664 0.0929257 
19.941 2.00718 0.0787193 
19.9473 2.00763 0.0646785 
19.9537 2.008 0.0508008 
19.9601 2.00828 0.0370838 
19.9665 2.00848 0.023525 
19.973 2.00859 0.0101221 
19.9796 2.00861 -0.00312707 
19.9862 2.00855 -0.0162249 
19.9929 2.00839 -0.0291735 
19.9996 2.00815 -0.0419751 


