
# Surface 0 of 1 surfaces

# Curve title: "f(x,y)"

# Contour 0, label:    7e+04
 4.94491 -2  70000 
 4.94973 -1.95181  70000 
 4.95456 -1.90361  70000 
 4.9594 -1.85542  70000 
 4.96425 -1.80723  70000 
 4.9691 -1.75904  70000 
 4.97397 -1.71084  70000 
 4.97884 -1.66265  70000 
 4.98373 -1.61446  70000 
 4.98862 -1.56627  70000 
 4.99352 -1.51807  70000 
 4.99843 -1.46988  70000 
 5 -1.45448  70000 


# Contour 1, label:  6.5e+04
 4.84667 -2  65000 
 4.85172 -1.95181  65000 
 4.85677 -1.90361  65000 
 4.85859 -1.88631  65000 
 4.8617 -1.85542  65000 
 4.86657 -1.80723  65000 
 4.87145 -1.75904  65000 
 4.87633 -1.71084  65000 
 4.88123 -1.66265  65000 
 4.88613 -1.61446  65000 
 4.89104 -1.56627  65000 
 4.89596 -1.51807  65000 
 4.9009 -1.46988  65000 
 4.90584 -1.42169  65000 
 4.91079 -1.37349  65000 
 4.91575 -1.3253  65000 
 4.92072 -1.27711  65000 
 4.92569 -1.22892  65000 
 4.92929 -1.19413  65000 
 4.93063 -1.18072  65000 
 4.93542 -1.13253  65000 
 4.94022 -1.08434  65000 
 4.94503 -1.03614  65000 
 4.94985 -0.987952  65000 
 4.95468 -0.939759  65000 
 4.95952 -0.891566  65000 
 4.96437 -0.843373  65000 
 4.96923 -0.795181  65000 
 4.97409 -0.746988  65000 
 4.97897 -0.698795  65000 
 4.98385 -0.650602  65000 
 4.98875 -0.60241  65000 
 4.99365 -0.554217  65000 
 4.99856 -0.506024  65000 
 5 -0.49195  65000 


# Contour 2, label:    6e+04
 4.74223 -2  60000 
 4.74729 -1.95181  60000 
 4.75235 -1.90361  60000 
 4.75743 -1.85542  60000 
 4.76251 -1.80723  60000 
 4.7676 -1.75904  60000 
 4.77271 -1.71084  60000 
 4.77782 -1.66265  60000 
 4.78295 -1.61446  60000 
 4.78788 -1.56818  60000 
 4.78808 -1.56627  60000 
 4.79301 -1.51807  60000 
 4.79795 -1.46988  60000 
 4.8029 -1.42169  60000 
 4.80786 -1.37349  60000 
 4.81283 -1.3253  60000 
 4.81781 -1.27711  60000 
 4.8228 -1.22892  60000 
 4.8278 -1.18072  60000 
 4.83281 -1.13253  60000 
 4.83782 -1.08434  60000 
 4.84285 -1.03614  60000 
 4.84789 -0.987952  60000 
 4.85294 -0.939759  60000 
 4.858 -0.891566  60000 
 4.85859 -0.885997  60000 
 4.86288 -0.843373  60000 
 4.86775 -0.795181  60000 
 4.87263 -0.746988  60000 
 4.87751 -0.698795  60000 
 4.88241 -0.650602  60000 
 4.88731 -0.60241  60000 
 4.89223 -0.554217  60000 
 4.89715 -0.506024  60000 
 4.90209 -0.457831  60000 
 4.90703 -0.409639  60000 
 4.91198 -0.361446  60000 
 4.91695 -0.313253  60000 
 4.92192 -0.26506  60000 
 4.92691 -0.216867  60000 
 4.92929 -0.193805  60000 
 4.93179 -0.168675  60000 
 4.93658 -0.120482  60000 
 4.94139 -0.0722892  60000 
 4.9462 -0.0240964  60000 
 4.95102  0.0240964  60000 
 4.95585  0.0722892  60000 
 4.96069  0.120482  60000 
 4.96554  0.168675  60000 
 4.9704  0.216867  60000 
 4.97527  0.26506  60000 
 4.98015  0.313253  60000 
 4.98504  0.361446  60000 
 4.98993  0.409639  60000 
 4.99484  0.457831  60000 
 4.99976  0.506024  60000 
 5  0.508371  60000 


# Contour 3, label:  5.5e+04
 4.63108 -2  55000 
 4.63635 -1.95181  55000 
 4.64163 -1.90361  55000 
 4.64646 -1.85961  55000 
 4.64691 -1.85542  55000 
 4.65199 -1.80723  55000 
 4.65708 -1.75904  55000 
 4.66218 -1.71084  55000 
 4.66729 -1.66265  55000 
 4.67241 -1.61446  55000 
 4.67754 -1.56627  55000 
 4.68268 -1.51807  55000 
 4.68784 -1.46988  55000 
 4.693 -1.42169  55000 
 4.69818 -1.37349  55000 
 4.70336 -1.3253  55000 
 4.70856 -1.27711  55000 
 4.71376 -1.22892  55000 
 4.71717 -1.19741  55000 
 4.7189 -1.18072  55000 
 4.72391 -1.13253  55000 
 4.72893 -1.08434  55000 
 4.73395 -1.03614  55000 
 4.73899 -0.987952  55000 
 4.74404 -0.939759  55000 
 4.74909 -0.891566  55000 
 4.75416 -0.843373  55000 
 4.75924 -0.795181  55000 
 4.76433 -0.746988  55000 
 4.76943 -0.698795  55000 
 4.77454 -0.650602  55000 
 4.77966 -0.60241  55000 
 4.78479 -0.554217  55000 
 4.78788 -0.525224  55000 
 4.78984 -0.506024  55000 
 4.79477 -0.457831  55000 
 4.79972 -0.409639  55000 
 4.80467 -0.361446  55000 
 4.80963 -0.313253  55000 
 4.8146 -0.26506  55000 
 4.81959 -0.216867  55000 
 4.82458 -0.168675  55000 
 4.82958 -0.120482  55000 
 4.8346 -0.0722892  55000 
 4.83962 -0.0240964  55000 
 4.84465  0.0240964  55000 
 4.8497  0.0722892  55000 
 4.85475  0.120482  55000 
 4.85859  0.156961  55000 
 4.85977  0.168675  55000 
 4.86462  0.216867  55000 
 4.86949  0.26506  55000 
 4.87437  0.313253  55000 
 4.87926  0.361446  55000 
 4.88416  0.409639  55000 
 4.88906  0.457831  55000 
 4.89398  0.506024  55000 
 4.89891  0.554217  55000 
 4.90385  0.60241  55000 
 4.9088  0.650602  55000 
 4.91376  0.698795  55000 
 4.91873  0.746988  55000 
 4.9237  0.795181  55000 
 4.92869  0.843373  55000 
 4.92929  0.849147  55000 
 4.93351  0.891566  55000 
 4.9383  0.939759  55000 
 4.9431  0.987952  55000 
 4.94792  1.03614  55000 
 4.95274  1.08434  55000 
 4.95757  1.13253  55000 
 4.96242  1.18072  55000 
 4.96727  1.22892  55000 
 4.97213  1.27711  55000 
 4.97701  1.3253  55000 
 4.98189  1.37349  55000 
 4.98678  1.42169  55000 
 4.99169  1.46988  55000 
 4.9966  1.51807  55000 
 5  1.55134  55000 


# Contour 4, label:    5e+04
 4.9787  2.43373  50000 
 4.98359  2.48193  50000 
 4.98849  2.53012  50000 
 4.9934  2.57831  50000 
 4.99832  2.62651  50000 
 5  2.64291  50000 

# Contour 5, label: 
 4.51184 -2  50000 
 4.51709 -1.95181  50000 
 4.52235 -1.90361  50000 
 4.52762 -1.85542  50000 
 4.53291 -1.80723  50000 
 4.5382 -1.75904  50000 
 4.54351 -1.71084  50000 
 4.54883 -1.66265  50000 
 4.55416 -1.61446  50000 
 4.5595 -1.56627  50000 
 4.56486 -1.51807  50000 
 4.57022 -1.46988  50000 
 4.5756 -1.42169  50000 
 4.57576 -1.42026  50000 
 4.58076 -1.37349  50000 
 4.58593 -1.3253  50000 
 4.5911 -1.27711  50000 
 4.59629 -1.22892  50000 
 4.60149 -1.18072  50000 
 4.6067 -1.13253  50000 
 4.61192 -1.08434  50000 
 4.61715 -1.03614  50000 
 4.6224 -0.987952  50000 
 4.62765 -0.939759  50000 
 4.63292 -0.891566  50000 
 4.63819 -0.843373  50000 
 4.64348 -0.795181  50000 
 4.64646 -0.76806  50000 
 4.64868 -0.746988  50000 
 4.65376 -0.698795  50000 
 4.65886 -0.650602  50000 
 4.66396 -0.60241  50000 
 4.66907 -0.554217  50000 
 4.6742 -0.506024  50000 
 4.67933 -0.457831  50000 
 4.68448 -0.409639  50000 
 4.68963 -0.361446  50000 
 4.6948 -0.313253  50000 
 4.69998 -0.26506  50000 
 4.70517 -0.216867  50000 
 4.71038 -0.168675  50000 
 4.71559 -0.120482  50000 
 4.71717 -0.10587  50000 
 4.72066 -0.0722892  50000 
 4.72566 -0.0240964  50000 
 4.73068  0.0240964  50000 
 4.73571  0.0722892  50000 
 4.74075  0.120482  50000 
 4.7458  0.168675  50000 
 4.75086  0.216867  50000 
 4.75593  0.26506  50000 
 4.76101  0.313253  50000 
 4.7661  0.361446  50000 
 4.77121  0.409639  50000 
 4.77632  0.457831  50000 
 4.78145  0.506024  50000 
 4.78659  0.554217  50000 
 4.78788  0.566322  50000 
 4.79157  0.60241  50000 
 4.7965  0.650602  50000 
 4.80144  0.698795  50000 
 4.8064  0.746988  50000 
 4.81136  0.795181  50000 
 4.81634  0.843373  50000 
 4.82132  0.891566  50000 
 4.82632  0.939759  50000 
 4.83132  0.987952  50000 
 4.83634  1.03614  50000 
 4.84137  1.08434  50000 
 4.84641  1.13253  50000 
 4.85146  1.18072  50000 
 4.85652  1.22892  50000 
 4.85859  1.24852  50000 
 4.86146  1.27711  50000 
 4.86632  1.3253  50000 
 4.87119  1.37349  50000 
 4.87607  1.42169  50000 
 4.88096  1.46988  50000 
 4.88586  1.51807  50000 
 4.89077  1.56627  50000 
 4.89569  1.61446  50000 
 4.90063  1.66265  50000 
 4.90557  1.71084  50000 
 4.91052  1.75904  50000 
 4.91549  1.80723  50000 
 4.92046  1.85542  50000 
 4.92545  1.90361  50000 
 4.92929  1.94071  50000 
 4.93039  1.95181  50000 
 4.93518  2  50000 
 4.93997  2.04819  50000 
 4.94478  2.09639  50000 
 4.94959  2.14458  50000 
 4.95442  2.19277  50000 
 4.95926  2.24096  50000 
 4.9641  2.28916  50000 
 4.96896  2.33735  50000 
 4.97383  2.38554  50000 
 4.9787  2.43373  50000 


# Contour 6, label:  4.5e+04
 4.85859  2.39617  45000 
 4.86237  2.43373  45000 
 4.86722  2.48193  45000 
 4.87209  2.53012  45000 
 4.87697  2.57831  45000 
 4.88186  2.62651  45000 
 4.88676  2.6747  45000 
 4.89167  2.72289  45000 
 4.8966  2.77108  45000 
 4.90153  2.81928  45000 
 4.90648  2.86747  45000 
 4.91143  2.91566  45000 
 4.9164  2.96386  45000 
 4.92138  3.01205  45000 
 4.92637  3.06024  45000 
 4.92929  3.08838  45000 
 4.93128  3.10843  45000 
 4.93607  3.15663  45000 
 4.94086  3.20482  45000 
 4.94566  3.25301  45000 
 4.95048  3.3012  45000 
 4.95531  3.3494  45000 
 4.96014  3.39759  45000 
 4.96499  3.44578  45000 
 4.96985  3.49398  45000 
 4.97472  3.54217  45000 
 4.9796  3.59036  45000 
 4.98449  3.63855  45000 
 4.9894  3.68675  45000 
 4.99431  3.73494  45000 
 4.99924  3.78313  45000 
 5  3.79058  45000 

# Contour 7, label: 
 4.38266 -2  45000 
 4.38811 -1.95181  45000 
 4.39357 -1.90361  45000 
 4.39904 -1.85542  45000 
 4.40452 -1.80723  45000 
 4.41002 -1.75904  45000 
 4.41552 -1.71084  45000 
 4.42104 -1.66265  45000 
 4.42658 -1.61446  45000 
 4.43213 -1.56627  45000 
 4.43434 -1.54701  45000 
 4.43754 -1.51807  45000 
 4.44286 -1.46988  45000 
 4.4482 -1.42169  45000 
 4.45354 -1.37349  45000 
 4.4589 -1.3253  45000 
 4.46427 -1.27711  45000 
 4.46966 -1.22892  45000 
 4.47505 -1.18072  45000 
 4.48046 -1.13253  45000 
 4.48588 -1.08434  45000 
 4.49132 -1.03614  45000 
 4.49676 -0.987952  45000 
 4.50222 -0.939759  45000 
 4.50505 -0.914814  45000 
 4.50757 -0.891566  45000 
 4.51281 -0.843373  45000 
 4.51806 -0.795181  45000 
 4.52332 -0.746988  45000 
 4.5286 -0.698795  45000 
 4.53388 -0.650602  45000 
 4.53918 -0.60241  45000 
 4.54449 -0.554217  45000 
 4.54981 -0.506024  45000 
 4.55515 -0.457831  45000 
 4.56049 -0.409639  45000 
 4.56585 -0.361446  45000 
 4.57122 -0.313253  45000 
 4.57576 -0.272625  45000 
 4.57657 -0.26506  45000 
 4.58172 -0.216867  45000 
 4.58688 -0.168675  45000 
 4.59206 -0.120482  45000 
 4.59725 -0.0722892  45000 
 4.60245 -0.0240964  45000 
 4.60766  0.0240964  45000 
 4.61288  0.0722892  45000 
 4.61812  0.120482  45000 
 4.62336  0.168675  45000 
 4.62862  0.216867  45000 
 4.63389  0.26506  45000 
 4.63918  0.313253  45000 
 4.64447  0.361446  45000 
 4.64646  0.379577  45000 
 4.64963  0.409639  45000 
 4.65471  0.457831  45000 
 4.6598  0.506024  45000 
 4.6649  0.554217  45000 
 4.67001  0.60241  45000 
 4.67514  0.650602  45000 
 4.68028  0.698795  45000 
 4.68542  0.746988  45000 
 4.69058  0.795181  45000 
 4.69576  0.843373  45000 
 4.70094  0.891566  45000 
 4.70613  0.939759  45000 
 4.71134  0.987952  45000 
 4.71656  1.03614  45000 
 4.71717  1.04177  45000 
 4.72158  1.08434  45000 
 4.72659  1.13253  45000 
 4.73161  1.18072  45000 
 4.73663  1.22892  45000 
 4.74167  1.27711  45000 
 4.74672  1.3253  45000 
 4.75179  1.37349  45000 
 4.75686  1.42169  45000 
 4.76194  1.46988  45000 
 4.76704  1.51807  45000 
 4.77215  1.56627  45000 
 4.77727  1.61446  45000 
 4.7824  1.66265  45000 
 4.78755  1.71084  45000 
 4.78788  1.71397  45000 
 4.79248  1.75904  45000 
 4.79741  1.80723  45000 
 4.80236  1.85542  45000 
 4.80731  1.90361  45000 
 4.81227  1.95181  45000 
 4.81725  2  45000 
 4.82224  2.04819  45000 
 4.82723  2.09639  45000 
 4.83224  2.14458  45000 
 4.83727  2.19277  45000 
 4.8423  2.24096  45000 
 4.84734  2.28916  45000 
 4.8524  2.33735  45000 
 4.85747  2.38554  45000 
 4.85859  2.39617  45000 


# Contour 8, label:    4e+04
 4.7307  2.38554  40000 
 4.73573  2.43373  40000 
 4.74076  2.48193  40000 
 4.74581  2.53012  40000 
 4.75087  2.57831  40000 
 4.75594  2.62651  40000 
 4.76102  2.6747  40000 
 4.76612  2.72289  40000 
 4.77123  2.77108  40000 
 4.77635  2.81928  40000 
 4.78148  2.86747  40000 
 4.78663  2.91566  40000 
 4.78788  2.92738  40000 
 4.7916  2.96386  40000 
 4.79653  3.01205  40000 
 4.80146  3.06024  40000 
 4.80641  3.10843  40000 
 4.81137  3.15663  40000 
 4.81634  3.20482  40000 
 4.82133  3.25301  40000 
 4.82633  3.3012  40000 
 4.83133  3.3494  40000 
 4.83635  3.39759  40000 
 4.84139  3.44578  40000 
 4.84643  3.49398  40000 
 4.85149  3.54217  40000 
 4.85656  3.59036  40000 
 4.85859  3.60959  40000 
 4.8615  3.63855  40000 
 4.86635  3.68675  40000 
 4.87121  3.73494  40000 
 4.87609  3.78313  40000 
 4.88097  3.83133  40000 
 4.88587  3.87952  40000 
 4.89078  3.92771  40000 
 4.8957  3.9759  40000 
 4.90063  4.0241  40000 
 4.90558  4.07229  40000 
 4.91053  4.12048  40000 
 4.9155  4.16867  40000 
 4.92049  4.21687  40000 
 4.92548  4.26506  40000 
 4.92929  4.3018  40000 
 4.93043  4.31325  40000 
 4.9352  4.36145  40000 
 4.93999  4.40964  40000 
 4.94479  4.45783  40000 
 4.9496  4.50602  40000 
 4.95443  4.55422  40000 
 4.95926  4.60241  40000 
 4.96411  4.6506  40000 
 4.96896  4.6988  40000 
 4.97383  4.74699  40000 
 4.97871  4.79518  40000 
 4.98361  4.84337  40000 
 4.98851  4.89157  40000 
 4.99343  4.93976  40000 
 4.99836  4.98795  40000 
 5  5.00401  40000 

# Contour 9, label: 
 4.242 -2  40000 
 4.24763 -1.95181  40000 
 4.25327 -1.90361  40000 
 4.25892 -1.85542  40000 
 4.26459 -1.80723  40000 
 4.27027 -1.75904  40000 
 4.27597 -1.71084  40000 
 4.28168 -1.66265  40000 
 4.2874 -1.61446  40000 
 4.29293 -1.56804  40000 
 4.29313 -1.56627  40000 
 4.29862 -1.51807  40000 
 4.30412 -1.46988  40000 
 4.30964 -1.42169  40000 
 4.31517 -1.37349  40000 
 4.32071 -1.3253  40000 
 4.32626 -1.27711  40000 
 4.33183 -1.22892  40000 
 4.33741 -1.18072  40000 
 4.34301 -1.13253  40000 
 4.34862 -1.08434  40000 
 4.35424 -1.03614  40000 
 4.35987 -0.987952  40000 
 4.36364 -0.955836  40000 
 4.36544 -0.939759  40000 
 4.37084 -0.891566  40000 
 4.37626 -0.843373  40000 
 4.38169 -0.795181  40000 
 4.38713 -0.746988  40000 
 4.39258 -0.698795  40000 
 4.39805 -0.650602  40000 
 4.40353 -0.60241  40000 
 4.40903 -0.554217  40000 
 4.41453 -0.506024  40000 
 4.42005 -0.457831  40000 
 4.42559 -0.409639  40000 
 4.43114 -0.361446  40000 
 4.43434 -0.333635  40000 
 4.43659 -0.313253  40000 
 4.44191 -0.26506  40000 
 4.44724 -0.216867  40000 
 4.45258 -0.168675  40000 
 4.45794 -0.120482  40000 
 4.4633 -0.0722892  40000 
 4.46869 -0.0240964  40000 
 4.47408  0.0240964  40000 
 4.47949  0.0722892  40000 
 4.48491  0.120482  40000 
 4.49034  0.168675  40000 
 4.49579  0.216867  40000 
 4.50125  0.26506  40000 
 4.50505  0.298564  40000 
 4.50664  0.313253  40000 
 4.51188  0.361446  40000 
 4.51712  0.409639  40000 
 4.52238  0.457831  40000 
 4.52765  0.506024  40000 
 4.53293  0.554217  40000 
 4.53822  0.60241  40000 
 4.54353  0.650602  40000 
 4.54885  0.698795  40000 
 4.55418  0.746988  40000 
 4.55953  0.795181  40000 
 4.56489  0.843373  40000 
 4.57026  0.891566  40000 
 4.57565  0.939759  40000 
 4.57576  0.940755  40000 
 4.5808  0.987952  40000 
 4.58596  1.03614  40000 
 4.59113  1.08434  40000 
 4.59631  1.13253  40000 
 4.60151  1.18072  40000 
 4.60671  1.22892  40000 
 4.61193  1.27711  40000 
 4.61717  1.3253  40000 
 4.62241  1.37349  40000 
 4.62767  1.42169  40000 
 4.63294  1.46988  40000 
 4.63823  1.51807  40000 
 4.64352  1.56627  40000 
 4.64646  1.59297  40000 
 4.64872  1.61446  40000 
 4.6538  1.66265  40000 
 4.65888  1.71084  40000 
 4.66398  1.75904  40000 
 4.66909  1.80723  40000 
 4.67421  1.85542  40000 
 4.67934  1.90361  40000 
 4.68449  1.95181  40000 
 4.68965  2  40000 
 4.69482  2.04819  40000 
 4.7  2.09639  40000 
 4.7052  2.14458  40000 
 4.71041  2.19277  40000 
 4.71563  2.24096  40000 
 4.71717  2.25518  40000 
 4.72069  2.28916  40000 
 4.72569  2.33735  40000 
 4.7307  2.38554  40000 


# Contour 10, label:  3.5e+04
 4.59211  2.38554  35000 
 4.59729  2.43373  35000 
 4.60249  2.48193  35000 
 4.6077  2.53012  35000 
 4.61292  2.57831  35000 
 4.61816  2.62651  35000 
 4.62341  2.6747  35000 
 4.62867  2.72289  35000 
 4.63395  2.77108  35000 
 4.63924  2.81928  35000 
 4.64454  2.86747  35000 
 4.64646  2.88492  35000 
 4.64969  2.91566  35000 
 4.65477  2.96386  35000 
 4.65985  3.01205  35000 
 4.66494  3.06024  35000 
 4.67005  3.10843  35000 
 4.67518  3.15663  35000 
 4.68031  3.20482  35000 
 4.68546  3.25301  35000 
 4.69062  3.3012  35000 
 4.6958  3.3494  35000 
 4.70099  3.39759  35000 
 4.70619  3.44578  35000 
 4.7114  3.49398  35000 
 4.71663  3.54217  35000 
 4.71717  3.54712  35000 
 4.72165  3.59036  35000 
 4.72664  3.63855  35000 
 4.73165  3.68675  35000 
 4.73667  3.73494  35000 
 4.74171  3.78313  35000 
 4.74676  3.83133  35000 
 4.75182  3.87952  35000 
 4.75689  3.92771  35000 
 4.76198  3.9759  35000 
 4.76708  4.0241  35000 
 4.77219  4.07229  35000 
 4.77732  4.12048  35000 
 4.78246  4.16867  35000 
 4.78761  4.21687  35000 
 4.78788  4.21933  35000 
 4.79254  4.26506  35000 
 4.79746  4.31325  35000 
 4.8024  4.36145  35000 
 4.80735  4.40964  35000 
 4.81231  4.45783  35000 
 4.81728  4.50602  35000 
 4.82227  4.55422  35000 
 4.82726  4.60241  35000 
 4.83228  4.6506  35000 
 4.8373  4.6988  35000 
 4.84234  4.74699  35000 
 4.84739  4.79518  35000 
 4.85245  4.84337  35000 
 4.85753  4.89157  35000 
 4.85859  4.90156  35000 
 4.86242  4.93976  35000 
 4.86727  4.98795  35000 
 4.87213  5.03614  35000 
 4.877  5.08434  35000 
 4.88189  5.13253  35000 
 4.88679  5.18072  35000 
 4.8917  5.22892  35000 
 4.89662  5.27711  35000 
 4.90156  5.3253  35000 
 4.90651  5.37349  35000 
 4.91147  5.42169  35000 
 4.91644  5.46988  35000 
 4.92143  5.51807  35000 
 4.92643  5.56627  35000 
 4.92929  5.59378  35000 
 4.93134  5.61446  35000 
 4.93611  5.66265  35000 
 4.9409  5.71084  35000 
 4.9457  5.75904  35000 
 4.95051  5.80723  35000 
 4.95533  5.85542  35000 
 4.96017  5.90361  35000 
 4.96501  5.95181  35000 
 4.96987  6  35000 
 4.97474  6.04819  35000 
 4.97963  6.09639  35000 
 4.98453  6.14458  35000 
 4.98944  6.19277  35000 
 4.99436  6.24096  35000 
 4.9993  6.28916  35000 
 5  6.296  35000 

# Contour 11, label: 
 4.08713 -2  35000 
 4.09291 -1.95181  35000 
 4.09871 -1.90361  35000 
 4.10453 -1.85542  35000 
 4.11036 -1.80723  35000 
 4.1162 -1.75904  35000 
 4.12207 -1.71084  35000 
 4.12794 -1.66265  35000 
 4.13383 -1.61446  35000 
 4.13974 -1.56627  35000 
 4.14566 -1.51807  35000 
 4.15152 -1.47055  35000 
 4.15159 -1.46988  35000 
 4.15727 -1.42169  35000 
 4.16295 -1.37349  35000 
 4.16865 -1.3253  35000 
 4.17437 -1.27711  35000 
 4.1801 -1.22892  35000 
 4.18584 -1.18072  35000 
 4.1916 -1.13253  35000 
 4.19737 -1.08434  35000 
 4.20316 -1.03614  35000 
 4.20897 -0.987952  35000 
 4.21479 -0.939759  35000 
 4.22062 -0.891566  35000 
 4.22222 -0.878339  35000 
 4.22627 -0.843373  35000 
 4.23185 -0.795181  35000 
 4.23745 -0.746988  35000 
 4.24307 -0.698795  35000 
 4.2487 -0.650602  35000 
 4.25434 -0.60241  35000 
 4.26 -0.554217  35000 
 4.26567 -0.506024  35000 
 4.27136 -0.457831  35000 
 4.27706 -0.409639  35000 
 4.28277 -0.361446  35000 
 4.28851 -0.313253  35000 
 4.29293 -0.276136  35000 
 4.29419 -0.26506  35000 
 4.29968 -0.216867  35000 
 4.30518 -0.168675  35000 
 4.31069 -0.120482  35000 
 4.31622 -0.0722892  35000 
 4.32176 -0.0240964  35000 
 4.32732  0.0240964  35000 
 4.33289  0.0722892  35000 
 4.33847  0.120482  35000 
 4.34407  0.168675  35000 
 4.34969  0.216867  35000 
 4.35532  0.26506  35000 
 4.36096  0.313253  35000 
 4.36364  0.336075  35000 
 4.36648  0.361446  35000 
 4.37188  0.409639  35000 
 4.37729  0.457831  35000 
 4.38272  0.506024  35000 
 4.38816  0.554217  35000 
 4.39362  0.60241  35000 
 4.39909  0.650602  35000 
 4.40457  0.698795  35000 
 4.41007  0.746988  35000 
 4.41558  0.795181  35000 
 4.42111  0.843373  35000 
 4.42665  0.891566  35000 
 4.43221  0.939759  35000 
 4.43434  0.958282  35000 
 4.43761  0.987952  35000 
 4.44293  1.03614  35000 
 4.44825  1.08434  35000 
 4.4536  1.13253  35000 
 4.45895  1.18072  35000 
 4.46432  1.22892  35000 
 4.4697  1.27711  35000 
 4.4751  1.3253  35000 
 4.48051  1.37349  35000 
 4.48594  1.42169  35000 
 4.49138  1.46988  35000 
 4.49683  1.51807  35000 
 4.5023  1.56627  35000 
 4.50505  1.59049  35000 
 4.50765  1.61446  35000 
 4.51288  1.66265  35000 
 4.51812  1.71084  35000 
 4.52338  1.75904  35000 
 4.52864  1.80723  35000 
 4.53393  1.85542  35000 
 4.53922  1.90361  35000 
 4.54453  1.95181  35000 
 4.54986  2  35000 
 4.55519  2.04819  35000 
 4.56055  2.09639  35000 
 4.56591  2.14458  35000 
 4.57129  2.19277  35000 
 4.57576  2.2327  35000 
 4.57664  2.24096  35000 
 4.58178  2.28916  35000 
 4.58694  2.33735  35000 
 4.59211  2.38554  35000 


# Contour 12, label:    3e+04
 4.90746  6.77108  30000 
 4.91243  6.81928  30000 
 4.91741  6.86747  30000 
 4.92241  6.91566  30000 
 4.92742  6.96386  30000 
 4.92929  6.98189  30000 
 4.93227  7.01205  30000 
 4.93704  7.06024  30000 
 4.94183  7.10843  30000 
 4.94662  7.15663  30000 
 4.95143  7.20482  30000 
 4.95625  7.25301  30000 
 4.96109  7.3012  30000 
 4.96594  7.3494  30000 
 4.9708  7.39759  30000 
 4.97568  7.44578  30000 
 4.98057  7.49398  30000 
 4.98547  7.54217  30000 
 4.99039  7.59036  30000 
 4.99532  7.63855  30000 
 5  7.68411  30000 

# Contour 13, label: 
 4.43434  2.34631  30000 
 4.43866  2.38554  30000 
 4.44397  2.43373  30000 
 4.4493  2.48193  30000 
 4.45464  2.53012  30000 
 4.45999  2.57831  30000 
 4.46536  2.62651  30000 
 4.47075  2.6747  30000 
 4.47615  2.72289  30000 
 4.48156  2.77108  30000 
 4.487  2.81928  30000 
 4.49244  2.86747  30000 
 4.4979  2.91566  30000 
 4.50338  2.96386  30000 
 4.50505  2.97853  30000 
 4.50868  3.01205  30000 
 4.5139  3.06024  30000 
 4.51914  3.10843  30000 
 4.5244  3.15663  30000 
 4.52967  3.20482  30000 
 4.53495  3.25301  30000 
 4.54025  3.3012  30000 
 4.54556  3.3494  30000 
 4.55089  3.39759  30000 
 4.55623  3.44578  30000 
 4.56159  3.49398  30000 
 4.56696  3.54217  30000 
 4.57235  3.59036  30000 
 4.57576  3.62076  30000 
 4.57765  3.63855  30000 
 4.58279  3.68675  30000 
 4.58795  3.73494  30000 
 4.59312  3.78313  30000 
 4.5983  3.83133  30000 
 4.60349  3.87952  30000 
 4.6087  3.92771  30000 
 4.61393  3.9759  30000 
 4.61917  4.0241  30000 
 4.62442  4.07229  30000 
 4.62969  4.12048  30000 
 4.63498  4.16867  30000 
 4.64028  4.21687  30000 
 4.64559  4.26506  30000 
 4.64646  4.27297  30000 
 4.65069  4.31325  30000 
 4.65576  4.36145  30000 
 4.66084  4.40964  30000 
 4.66593  4.45783  30000 
 4.67104  4.50602  30000 
 4.67617  4.55422  30000 
 4.6813  4.60241  30000 
 4.68645  4.6506  30000 
 4.69162  4.6988  30000 
 4.6968  4.74699  30000 
 4.70199  4.79518  30000 
 4.7072  4.84337  30000 
 4.71243  4.89157  30000 
 4.71717  4.9352  30000 
 4.71764  4.93976  30000 
 4.72262  4.98795  30000 
 4.72762  5.03614  30000 
 4.73263  5.08434  30000 
 4.73765  5.13253  30000 
 4.74268  5.18072  30000 
 4.74773  5.22892  30000 
 4.75279  5.27711  30000 
 4.75787  5.3253  30000 
 4.76296  5.37349  30000 
 4.76807  5.42169  30000 
 4.77319  5.46988  30000 
 4.77832  5.51807  30000 
 4.78347  5.56627  30000 
 4.78788  5.60743  30000 
 4.78859  5.61446  30000 
 4.7935  5.66265  30000 
 4.79842  5.71084  30000 
 4.80335  5.75904  30000 
 4.8083  5.80723  30000 
 4.81326  5.85542  30000 
 4.81824  5.90361  30000 
 4.82322  5.95181  30000 
 4.82823  6  30000 
 4.83324  6.04819  30000 
 4.83827  6.09639  30000 
 4.84332  6.14458  30000 
 4.84837  6.19277  30000 
 4.85345  6.24096  30000 
 4.85853  6.28916  30000 
 4.85859  6.28965  30000 
 4.86337  6.33735  30000 
 4.86821  6.38554  30000 
 4.87307  6.43373  30000 
 4.87795  6.48193  30000 
 4.88283  6.53012  30000 
 4.88773  6.57831  30000 
 4.89264  6.62651  30000 
 4.89757  6.6747  30000 
 4.90251  6.72289  30000 
 4.90746  6.77108  30000 

# Contour 14, label: 
 3.91342 -2  30000 
 3.91962 -1.95181  30000 
 3.92585 -1.90361  30000 
 3.93209 -1.85542  30000 
 3.93835 -1.80723  30000 
 3.93939 -1.79918  30000 
 3.94437 -1.75904  30000 
 3.95035 -1.71084  30000 
 3.95636 -1.66265  30000 
 3.96238 -1.61446  30000 
 3.96841 -1.56627  30000 
 3.97446 -1.51807  30000 
 3.98053 -1.46988  30000 
 3.98662 -1.42169  30000 
 3.99272 -1.37349  30000 
 3.99884 -1.3253  30000 
 4.00498 -1.27711  30000 
 4.0101 -1.23697  30000 
 4.01108 -1.22892  30000 
 4.01695 -1.18072  30000 
 4.02284 -1.13253  30000 
 4.02874 -1.08434  30000 
 4.03465 -1.03614  30000 
 4.04059 -0.987952  30000 
 4.04654 -0.939759  30000 
 4.0525 -0.891566  30000 
 4.05849 -0.843373  30000 
 4.06449 -0.795181  30000 
 4.0705 -0.746988  30000 
 4.07654 -0.698795  30000 
 4.08081 -0.664759  30000 
 4.0825 -0.650602  30000 
 4.08827 -0.60241  30000 
 4.09405 -0.554217  30000 
 4.09985 -0.506024  30000 
 4.10567 -0.457831  30000 
 4.1115 -0.409639  30000 
 4.11735 -0.361446  30000 
 4.12321 -0.313253  30000 
 4.12909 -0.26506  30000 
 4.13499 -0.216867  30000 
 4.14091 -0.168675  30000 
 4.14684 -0.120482  30000 
 4.15152 -0.0825514  30000 
 4.15272 -0.0722892  30000 
 4.15839 -0.0240964  30000 
 4.16407  0.0240964  30000 
 4.16977  0.0722892  30000 
 4.17549  0.120482  30000 
 4.18122  0.168675  30000 
 4.18696  0.216867  30000 
 4.19273  0.26506  30000 
 4.1985  0.313253  30000 
 4.2043  0.361446  30000 
 4.21011  0.409639  30000 
 4.21594  0.457831  30000 
 4.22178  0.506024  30000 
 4.22222  0.509655  30000 
 4.22737  0.554217  30000 
 4.23296  0.60241  30000 
 4.23855  0.650602  30000 
 4.24417  0.698795  30000 
 4.2498  0.746988  30000 
 4.25544  0.795181  30000 
 4.2611  0.843373  30000 
 4.26678  0.891566  30000 
 4.27247  0.939759  30000 
 4.27818  0.987952  30000 
 4.2839  1.03614  30000 
 4.28964  1.08434  30000 
 4.29293  1.11188  30000 
 4.29528  1.13253  30000 
 4.30076  1.18072  30000 
 4.30626  1.22892  30000 
 4.31177  1.27711  30000 
 4.3173  1.3253  30000 
 4.32284  1.37349  30000 
 4.3284  1.42169  30000 
 4.33397  1.46988  30000 
 4.33956  1.51807  30000 
 4.34517  1.56627  30000 
 4.35079  1.61446  30000 
 4.35643  1.66265  30000 
 4.36208  1.71084  30000 
 4.36364  1.72409  30000 
 4.36754  1.75904  30000 
 4.37294  1.80723  30000 
 4.37835  1.85542  30000 
 4.38378  1.90361  30000 
 4.38922  1.95181  30000 
 4.39468  2  30000 
 4.40015  2.04819  30000 
 4.40564  2.09639  30000 
 4.41114  2.14458  30000 
 4.41666  2.19277  30000 
 4.42219  2.24096  30000 
 4.42774  2.28916  30000 
 4.43331  2.33735  30000 
 4.43434  2.34631  30000 


# Contour 15, label:  2.5e+04
 4.74607  6.72289  25000 
 4.75113  6.77108  25000 
 4.7562  6.81928  25000 
 4.76129  6.86747  25000 
 4.76639  6.91566  25000 
 4.77151  6.96386  25000 
 4.77665  7.01205  25000 
 4.7818  7.06024  25000 
 4.78697  7.10843  25000 
 4.78788  7.11694  25000 
 4.79191  7.15663  25000 
 4.79682  7.20482  25000 
 4.80174  7.25301  25000 
 4.80668  7.3012  25000 
 4.81163  7.3494  25000 
 4.8166  7.39759  25000 
 4.82158  7.44578  25000 
 4.82658  7.49398  25000 
 4.83159  7.54217  25000 
 4.83662  7.59036  25000 
 4.84166  7.63855  25000 
 4.84672  7.68675  25000 
 4.8518  7.73494  25000 
 4.85689  7.78313  25000 
 4.85859  7.79919  25000 
 4.8618  7.83133  25000 
 4.86664  7.87952  25000 
 4.87148  7.92771  25000 
 4.87635  7.9759  25000 
 4.88122  8.0241  25000 
 4.88611  8.07229  25000 
 4.89102  8.12048  25000 
 4.89594  8.16867  25000 
 4.90088  8.21687  25000 
 4.90583  8.26506  25000 
 4.9108  8.31325  25000 
 4.91578  8.36145  25000 
 4.92078  8.40964  25000 
 4.92579  8.45783  25000 
 4.92929  8.49144  25000 
 4.93073  8.50602  25000 
 4.93549  8.55422  25000 
 4.94026  8.60241  25000 
 4.94505  8.6506  25000 
 4.94985  8.6988  25000 
 4.95466  8.74699  25000 
 4.95949  8.79518  25000 
 4.96434  8.84337  25000 
 4.9692  8.89157  25000 
 4.97407  8.93976  25000 
 4.97896  8.98795  25000 
 4.98386  9.03614  25000 
 4.98878  9.08434  25000 
 4.99372  9.13253  25000 
 4.99867  9.18072  25000 
 5  9.19369  25000 

# Contour 16, label: 
 4.25926  2.33735  25000 
 4.26493  2.38554  25000 
 4.27062  2.43373  25000 
 4.27633  2.48193  25000 
 4.28205  2.53012  25000 
 4.28779  2.57831  25000 
 4.29293  2.62129  25000 
 4.29352  2.62651  25000 
 4.29899  2.6747  25000 
 4.30448  2.72289  25000 
 4.30998  2.77108  25000 
 4.3155  2.81928  25000 
 4.32103  2.86747  25000 
 4.32659  2.91566  25000 
 4.33216  2.96386  25000 
 4.33774  3.01205  25000 
 4.34335  3.06024  25000 
 4.34897  3.10843  25000 
 4.3546  3.15663  25000 
 4.36026  3.20482  25000 
 4.36364  3.23353  25000 
 4.36581  3.25301  25000 
 4.3712  3.3012  25000 
 4.3766  3.3494  25000 
 4.38201  3.39759  25000 
 4.38745  3.44578  25000 
 4.3929  3.49398  25000 
 4.39836  3.54217  25000 
 4.40385  3.59036  25000 
 4.40935  3.63855  25000 
 4.41486  3.68675  25000 
 4.4204  3.73494  25000 
 4.42595  3.78313  25000 
 4.43152  3.83133  25000 
 4.43434  3.85576  25000 
 4.43695  3.87952  25000 
 4.44225  3.92771  25000 
 4.44757  3.9759  25000 
 4.4529  4.0241  25000 
 4.45824  4.07229  25000 
 4.46361  4.12048  25000 
 4.46899  4.16867  25000 
 4.47438  4.21687  25000 
 4.4798  4.26506  25000 
 4.48522  4.31325  25000 
 4.49067  4.36145  25000 
 4.49613  4.40964  25000 
 4.50161  4.45783  25000 
 4.50505  4.48799  25000 
 4.507  4.50602  25000 
 4.51221  4.55422  25000 
 4.51744  4.60241  25000 
 4.52269  4.6506  25000 
 4.52795  4.6988  25000 
 4.53322  4.74699  25000 
 4.53851  4.79518  25000 
 4.54382  4.84337  25000 
 4.54915  4.89157  25000 
 4.55449  4.93976  25000 
 4.55984  4.98795  25000 
 4.56522  5.03614  25000 
 4.57061  5.08434  25000 
 4.57576  5.13022  25000 
 4.576  5.13253  25000 
 4.58113  5.18072  25000 
 4.58627  5.22892  25000 
 4.59143  5.27711  25000 
 4.5966  5.3253  25000 
 4.60179  5.37349  25000 
 4.607  5.42169  25000 
 4.61222  5.46988  25000 
 4.61745  5.51807  25000 
 4.6227  5.56627  25000 
 4.62797  5.61446  25000 
 4.63326  5.66265  25000 
 4.63856  5.71084  25000 
 4.64387  5.75904  25000 
 4.64646  5.78247  25000 
 4.64906  5.80723  25000 
 4.65411  5.85542  25000 
 4.65918  5.90361  25000 
 4.66427  5.95181  25000 
 4.66937  6  25000 
 4.67448  6.04819  25000 
 4.67961  6.09639  25000 
 4.68476  6.14458  25000 
 4.68992  6.19277  25000 
 4.6951  6.24096  25000 
 4.7003  6.28916  25000 
 4.70551  6.33735  25000 
 4.71073  6.38554  25000 
 4.71598  6.43373  25000 
 4.71717  6.4447  25000 
 4.72101  6.48193  25000 
 4.72599  6.53012  25000 
 4.73099  6.57831  25000 
 4.736  6.62651  25000 
 4.74103  6.6747  25000 
 4.74607  6.72289  25000 

# Contour 17, label: 
 3.7158 -2  25000 
 3.72241 -1.95181  25000 
 3.72727 -1.91646  25000 
 3.72895 -1.90361  25000 
 3.73526 -1.85542  25000 
 3.74159 -1.80723  25000 
 3.74794 -1.75904  25000 
 3.75431 -1.71084  25000 
 3.7607 -1.66265  25000 
 3.7671 -1.61446  25000 
 3.77353 -1.56627  25000 
 3.77998 -1.51807  25000 
 3.78644 -1.46988  25000 
 3.79293 -1.42169  25000 
 3.79798 -1.38425  25000 
 3.79936 -1.37349  25000 
 3.80555 -1.3253  25000 
 3.81176 -1.27711  25000 
 3.81799 -1.22892  25000 
 3.82424 -1.18072  25000 
 3.83051 -1.13253  25000 
 3.83679 -1.08434  25000 
 3.8431 -1.03614  25000 
 3.84942 -0.987952  25000 
 3.85576 -0.939759  25000 
 3.86213 -0.891566  25000 
 3.86851 -0.843373  25000 
 3.86869 -0.842046  25000 
 3.87459 -0.795181  25000 
 3.88068 -0.746988  25000 
 3.88679 -0.698795  25000 
 3.89292 -0.650602  25000 
 3.89907 -0.60241  25000 
 3.90523 -0.554217  25000 
 3.91142 -0.506024  25000 
 3.91762 -0.457831  25000 
 3.92384 -0.409639  25000 
 3.93008 -0.361446  25000 
 3.93634 -0.313253  25000 
 3.93939 -0.289813  25000 
 3.94246 -0.26506  25000 
 3.94843 -0.216867  25000 
 3.95442 -0.168675  25000 
 3.96043 -0.120482  25000 
 3.96646 -0.0722892  25000 
 3.9725 -0.0240964  25000 
 3.97856  0.0240964  25000 
 3.98465  0.0722892  25000 
 3.99075  0.120482  25000 
 3.99687  0.168675  25000 
 4.00301  0.216867  25000 
 4.00916  0.26506  25000 
 4.0101  0.272397  25000 
 4.01507  0.313253  25000 
 4.02094  0.361446  25000 
 4.02683  0.409639  25000 
 4.03274  0.457831  25000 
 4.03866  0.506024  25000 
 4.04461  0.554217  25000 
 4.05057  0.60241  25000 
 4.05655  0.650602  25000 
 4.06255  0.698795  25000 
 4.06856  0.746988  25000 
 4.0746  0.795181  25000 
 4.08065  0.843373  25000 
 4.08081  0.84461  25000 
 4.08642  0.891566  25000 
 4.09219  0.939759  25000 
 4.09798  0.987952  25000 
 4.10378  1.03614  25000 
 4.10961  1.08434  25000 
 4.11545  1.13253  25000 
 4.12131  1.18072  25000 
 4.12719  1.22892  25000 
 4.13308  1.27711  25000 
 4.139  1.3253  25000 
 4.14493  1.37349  25000 
 4.15088  1.42169  25000 
 4.15152  1.42684  25000 
 4.15657  1.46988  25000 
 4.16224  1.51807  25000 
 4.16793  1.56627  25000 
 4.17363  1.61446  25000 
 4.17935  1.66265  25000 
 4.18509  1.71084  25000 
 4.19085  1.75904  25000 
 4.19663  1.80723  25000 
 4.20242  1.85542  25000 
 4.20823  1.90361  25000 
 4.21406  1.95181  25000 
 4.21991  2  25000 
 4.22222  2.01907  25000 
 4.22558  2.04819  25000 
 4.23115  2.09639  25000 
 4.23674  2.14458  25000 
 4.24234  2.19277  25000 
 4.24796  2.24096  25000 
 4.2536  2.28916  25000 
 4.25926  2.33735  25000 


# Contour 18, label:    2e+04
 4.5671  6.72289  20000 
 4.57251  6.77108  20000 
 4.57576  6.79996  20000 
 4.57781  6.81928  20000 
 4.58293  6.86747  20000 
 4.58807  6.91566  20000 
 4.59322  6.96386  20000 
 4.5984  7.01205  20000 
 4.60359  7.06024  20000 
 4.60879  7.10843  20000 
 4.61402  7.15663  20000 
 4.61926  7.20482  20000 
 4.62452  7.25301  20000 
 4.6298  7.3012  20000 
 4.6351  7.3494  20000 
 4.64042  7.39759  20000 
 4.64575  7.44578  20000 
 4.64646  7.45221  20000 
 4.65083  7.49398  20000 
 4.65588  7.54217  20000 
 4.66095  7.59036  20000 
 4.66603  7.63855  20000 
 4.67113  7.68675  20000 
 4.67625  7.73494  20000 
 4.68138  7.78313  20000 
 4.68654  7.83133  20000 
 4.69171  7.87952  20000 
 4.69689  7.92771  20000 
 4.7021  7.9759  20000 
 4.70733  8.0241  20000 
 4.71257  8.07229  20000 
 4.71717  8.11447  20000 
 4.71779  8.12048  20000 
 4.72275  8.16867  20000 
 4.72773  8.21687  20000 
 4.73272  8.26506  20000 
 4.73773  8.31325  20000 
 4.74276  8.36145  20000 
 4.74781  8.40964  20000 
 4.75287  8.45783  20000 
 4.75795  8.50602  20000 
 4.76304  8.55422  20000 
 4.76816  8.60241  20000 
 4.77329  8.6506  20000 
 4.77844  8.6988  20000 
 4.7836  8.74699  20000 
 4.78788  8.78673  20000 
 4.78874  8.79518  20000 
 4.79362  8.84337  20000 
 4.79853  8.89157  20000 
 4.80345  8.93976  20000 
 4.80838  8.98795  20000 
 4.81334  9.03614  20000 
 4.8183  9.08434  20000 
 4.82329  9.13253  20000 
 4.82829  9.18072  20000 
 4.83331  9.22892  20000 
 4.83835  9.27711  20000 
 4.84341  9.3253  20000 
 4.84848  9.37349  20000 
 4.85357  9.42169  20000 
 4.85859  9.46899  20000 
 4.85867  9.46988  20000 
 4.86349  9.51807  20000 
 4.86832  9.56627  20000 
 4.87316  9.61446  20000 
 4.87802  9.66265  20000 
 4.8829  9.71084  20000 
 4.88779  9.75904  20000 
 4.8927  9.80723  20000 
 4.89763  9.85542  20000 
 4.90257  9.90361  20000 
 4.90753  9.95181  20000 
 4.91251  10  20000 

# Contour 19, label: 
 4.05865  2.33735  20000 
 4.06466  2.38554  20000 
 4.07069  2.43373  20000 
 4.07674  2.48193  20000 
 4.08081  2.51423  20000 
 4.0827  2.53012  20000 
 4.08845  2.57831  20000 
 4.09422  2.62651  20000 
 4.10001  2.6747  20000 
 4.10582  2.72289  20000 
 4.11164  2.77108  20000 
 4.11749  2.81928  20000 
 4.12336  2.86747  20000 
 4.12925  2.91566  20000 
 4.13515  2.96386  20000 
 4.14108  3.01205  20000 
 4.14703  3.06024  20000 
 4.15152  3.09647  20000 
 4.15292  3.10843  20000 
 4.15857  3.15663  20000 
 4.16423  3.20482  20000 
 4.16992  3.25301  20000 
 4.17563  3.3012  20000 
 4.18135  3.3494  20000 
 4.1871  3.39759  20000 
 4.19286  3.44578  20000 
 4.19865  3.49398  20000 
 4.20445  3.54217  20000 
 4.21027  3.59036  20000 
 4.21612  3.63855  20000 
 4.22198  3.68675  20000 
 4.22222  3.6887  20000 
 4.22755  3.73494  20000 
 4.23311  3.78313  20000 
 4.2387  3.83133  20000 
 4.2443  3.87952  20000 
 4.24993  3.92771  20000 
 4.25557  3.9759  20000 
 4.26123  4.0241  20000 
 4.26691  4.07229  20000 
 4.27261  4.12048  20000 
 4.27833  4.16867  20000 
 4.28407  4.21687  20000 
 4.28983  4.26506  20000 
 4.29293  4.29096  20000 
 4.29545  4.31325  20000 
 4.30092  4.36145  20000 
 4.3064  4.40964  20000 
 4.3119  4.45783  20000 
 4.31742  4.50602  20000 
 4.32296  4.55422  20000 
 4.32852  4.60241  20000 
 4.33409  4.6506  20000 
 4.33969  4.6988  20000 
 4.3453  4.74699  20000 
 4.35094  4.79518  20000 
 4.35659  4.84337  20000 
 4.36227  4.89157  20000 
 4.36364  4.9032  20000 
 4.36771  4.93976  20000 
 4.37309  4.98795  20000 
 4.37849  5.03614  20000 
 4.3839  5.08434  20000 
 4.38934  5.13253  20000 
 4.39479  5.18072  20000 
 4.40026  5.22892  20000 
 4.40575  5.27711  20000 
 4.41126  5.3253  20000 
 4.41679  5.37349  20000 
 4.42233  5.42169  20000 
 4.4279  5.46988  20000 
 4.43349  5.51807  20000 
 4.43434  5.52545  20000 
 4.43882  5.56627  20000 
 4.44411  5.61446  20000 
 4.44942  5.66265  20000 
 4.45475  5.71084  20000 
 4.4601  5.75904  20000 
 4.46547  5.80723  20000 
 4.47085  5.85542  20000 
 4.47625  5.90361  20000 
 4.48168  5.95181  20000 
 4.48712  6  20000 
 4.49258  6.04819  20000 
 4.49805  6.09639  20000 
 4.50355  6.14458  20000 
 4.50505  6.1577  20000 
 4.50883  6.19277  20000 
 4.51404  6.24096  20000 
 4.51927  6.28916  20000 
 4.52451  6.33735  20000 
 4.52977  6.38554  20000 
 4.53505  6.43373  20000 
 4.54035  6.48193  20000 
 4.54566  6.53012  20000 
 4.55099  6.57831  20000 
 4.55634  6.62651  20000 
 4.56171  6.6747  20000 
 4.5671  6.72289  20000 

# Contour 20, label: 
 3.48376 -2  20000 
 3.49071 -1.95181  20000 
 3.49768 -1.90361  20000 
 3.50468 -1.85542  20000 
 3.5117 -1.80723  20000 
 3.51515 -1.78359  20000 
 3.51855 -1.75904  20000 
 3.52524 -1.71084  20000 
 3.53195 -1.66265  20000 
 3.53869 -1.61446  20000 
 3.54544 -1.56627  20000 
 3.55222 -1.51807  20000 
 3.55903 -1.46988  20000 
 3.56585 -1.42169  20000 
 3.5727 -1.37349  20000 
 3.57957 -1.3253  20000 
 3.58586 -1.28138  20000 
 3.58644 -1.27711  20000 
 3.59299 -1.22892  20000 
 3.59955 -1.18072  20000 
 3.60615 -1.13253  20000 
 3.61276 -1.08434  20000 
 3.61939 -1.03614  20000 
 3.62605 -0.987952  20000 
 3.63273 -0.939759  20000 
 3.63943 -0.891566  20000 
 3.64616 -0.843373  20000 
 3.65291 -0.795181  20000 
 3.65657 -0.769147  20000 
 3.65952 -0.746988  20000 
 3.66594 -0.698795  20000 
 3.67239 -0.650602  20000 
 3.67886 -0.60241  20000 
 3.68535 -0.554217  20000 
 3.69187 -0.506024  20000 
 3.6984 -0.457831  20000 
 3.70496 -0.409639  20000 
 3.71154 -0.361446  20000 
 3.71815 -0.313253  20000 
 3.72478 -0.26506  20000 
 3.72727 -0.246924  20000 
 3.7312 -0.216867  20000 
 3.73751 -0.168675  20000 
 3.74383 -0.120482  20000 
 3.75018 -0.0722892  20000 
 3.75656 -0.0240964  20000 
 3.76295  0.0240964  20000 
 3.76936  0.0722892  20000 
 3.7758  0.120482  20000 
 3.78226  0.168675  20000 
 3.78874  0.216867  20000 
 3.79524  0.26506  20000 
 3.79798  0.285303  20000 
 3.80156  0.313253  20000 
 3.80775  0.361446  20000 
 3.81396  0.409639  20000 
 3.82019  0.457831  20000 
 3.82644  0.506024  20000 
 3.83271  0.554217  20000 
 3.839  0.60241  20000 
 3.84532  0.650602  20000 
 3.85165  0.698795  20000 
 3.85801  0.746988  20000 
 3.86439  0.795181  20000 
 3.86869  0.82753  20000 
 3.87068  0.843373  20000 
 3.87675  0.891566  20000 
 3.88284  0.939759  20000 
 3.88895  0.987952  20000 
 3.89508  1.03614  20000 
 3.90123  1.08434  20000 
 3.9074  1.13253  20000 
 3.91359  1.18072  20000 
 3.91981  1.22892  20000 
 3.92604  1.27711  20000 
 3.9323  1.3253  20000 
 3.93858  1.37349  20000 
 3.93939  1.37975  20000 
 3.94457  1.42169  20000 
 3.95054  1.46988  20000 
 3.95653  1.51807  20000 
 3.96254  1.56627  20000 
 3.96857  1.61446  20000 
 3.97462  1.66265  20000 
 3.98069  1.71084  20000 
 3.98678  1.75904  20000 
 3.9929  1.80723  20000 
 3.99903  1.85542  20000 
 4.00519  1.90361  20000 
 4.0101  1.94199  20000 
 4.01129  1.95181  20000 
 4.01714  2  20000 
 4.02301  2.04819  20000 
 4.0289  2.09639  20000 
 4.03481  2.14458  20000 
 4.04074  2.19277  20000 
 4.04669  2.24096  20000 
 4.05266  2.28916  20000 
 4.05865  2.33735  20000 


# Contour 21, label:  1.5e+04
 4.34905  6.6747  15000 
 4.35471  6.72289  15000 
 4.36039  6.77108  15000 
 4.36364  6.79852  15000 
 4.36594  6.81928  15000 
 4.3713  6.86747  15000 
 4.37668  6.91566  15000 
 4.38208  6.96386  15000 
 4.3875  7.01205  15000 
 4.39294  7.06024  15000 
 4.3984  7.10843  15000 
 4.40389  7.15663  15000 
 4.4094  7.20482  15000 
 4.41492  7.25301  15000 
 4.42047  7.3012  15000 
 4.42605  7.3494  15000 
 4.43164  7.39759  15000 
 4.43434  7.42079  15000 
 4.43707  7.44578  15000 
 4.44235  7.49398  15000 
 4.44764  7.54217  15000 
 4.45295  7.59036  15000 
 4.45829  7.63855  15000 
 4.46364  7.68675  15000 
 4.46902  7.73494  15000 
 4.47442  7.78313  15000 
 4.47984  7.83133  15000 
 4.48528  7.87952  15000 
 4.49074  7.92771  15000 
 4.49622  7.9759  15000 
 4.50173  8.0241  15000 
 4.50505  8.05307  15000 
 4.50712  8.07229  15000 
 4.5123  8.12048  15000 
 4.51751  8.16867  15000 
 4.52274  8.21687  15000 
 4.52798  8.26506  15000 
 4.53325  8.31325  15000 
 4.53854  8.36145  15000 
 4.54385  8.40964  15000 
 4.54918  8.45783  15000 
 4.55453  8.50602  15000 
 4.5599  8.55422  15000 
 4.56529  8.60241  15000 
 4.57071  8.6506  15000 
 4.57576  8.69534  15000 
 4.57612  8.6988  15000 
 4.58122  8.74699  15000 
 4.58634  8.79518  15000 
 4.59148  8.84337  15000 
 4.59664  8.89157  15000 
 4.60182  8.93976  15000 
 4.60701  8.98795  15000 
 4.61223  9.03614  15000 
 4.61747  9.08434  15000 
 4.62273  9.13253  15000 
 4.62801  9.18072  15000 
 4.63331  9.22892  15000 
 4.63864  9.27711  15000 
 4.64398  9.3253  15000 
 4.64646  9.34764  15000 
 4.64916  9.37349  15000 
 4.65419  9.42169  15000 
 4.65923  9.46988  15000 
 4.6643  9.51807  15000 
 4.66939  9.56627  15000 
 4.6745  9.61446  15000 
 4.67962  9.66265  15000 
 4.68477  9.71084  15000 
 4.68994  9.75904  15000 
 4.69512  9.80723  15000 
 4.70033  9.85542  15000 
 4.70556  9.90361  15000 
 4.71081  9.95181  15000 
 4.71609  10  15000 

# Contour 22, label: 
 3.81191  2.28916  15000 
 3.81813  2.33735  15000 
 3.82436  2.38554  15000 
 3.83062  2.43373  15000 
 3.83691  2.48193  15000 
 3.84322  2.53012  15000 
 3.84956  2.57831  15000 
 3.85592  2.62651  15000 
 3.86231  2.6747  15000 
 3.86869  2.72265  15000 
 3.86872  2.72289  15000 
 3.87476  2.77108  15000 
 3.88083  2.81928  15000 
 3.88692  2.86747  15000 
 3.89304  2.91566  15000 
 3.89918  2.96386  15000 
 3.90534  3.01205  15000 
 3.91153  3.06024  15000 
 3.91774  3.10843  15000 
 3.92398  3.15663  15000 
 3.93024  3.20482  15000 
 3.93653  3.25301  15000 
 3.93939  3.27493  15000 
 3.94263  3.3012  15000 
 3.94858  3.3494  15000 
 3.95455  3.39759  15000 
 3.96054  3.44578  15000 
 3.96656  3.49398  15000 
 3.9726  3.54217  15000 
 3.97866  3.59036  15000 
 3.98475  3.63855  15000 
 3.99086  3.68675  15000 
 3.997  3.73494  15000 
 4.00316  3.78313  15000 
 4.00935  3.83133  15000 
 4.0101  3.83717  15000 
 4.01522  3.87952  15000 
 4.02107  3.92771  15000 
 4.02694  3.9759  15000 
 4.03284  4.0241  15000 
 4.03875  4.07229  15000 
 4.04469  4.12048  15000 
 4.05066  4.16867  15000 
 4.05665  4.21687  15000 
 4.06266  4.26506  15000 
 4.06869  4.31325  15000 
 4.07475  4.36145  15000 
 4.08081  4.40942  15000 
 4.08083  4.40964  15000 
 4.08656  4.45783  15000 
 4.09231  4.50602  15000 
 4.09808  4.55422  15000 
 4.10387  4.60241  15000 
 4.10969  4.6506  15000 
 4.11553  4.6988  15000 
 4.12139  4.74699  15000 
 4.12727  4.79518  15000 
 4.13318  4.84337  15000 
 4.13911  4.89157  15000 
 4.14507  4.93976  15000 
 4.15105  4.98795  15000 
 4.15152  4.99169  15000 
 4.15671  5.03614  15000 
 4.16235  5.08434  15000 
 4.16802  5.13253  15000 
 4.17372  5.18072  15000 
 4.17943  5.22892  15000 
 4.18516  5.27711  15000 
 4.19092  5.3253  15000 
 4.1967  5.37349  15000 
 4.20251  5.42169  15000 
 4.20833  5.46988  15000 
 4.21419  5.51807  15000 
 4.22006  5.56627  15000 
 4.22222  5.58397  15000 
 4.22572  5.61446  15000 
 4.23127  5.66265  15000 
 4.23683  5.71084  15000 
 4.24242  5.75904  15000 
 4.24803  5.80723  15000 
 4.25366  5.85542  15000 
 4.25932  5.90361  15000 
 4.26499  5.95181  15000 
 4.27069  6  15000 
 4.27641  6.04819  15000 
 4.28216  6.09639  15000 
 4.28793  6.14458  15000 
 4.29293  6.18623  15000 
 4.29367  6.19277  15000 
 4.29911  6.24096  15000 
 4.30457  6.28916  15000 
 4.31006  6.33735  15000 
 4.31556  6.38554  15000 
 4.32109  6.43373  15000 
 4.32664  6.48193  15000 
 4.33221  6.53012  15000 
 4.3378  6.57831  15000 
 4.34341  6.62651  15000 
 4.34905  6.6747  15000 

# Contour 23, label: 
 3.20034 -2  15000 
 3.2079 -1.95181  15000 
 3.2155 -1.90361  15000 
 3.22312 -1.85542  15000 
 3.23077 -1.80723  15000 
 3.23232 -1.79749  15000 
 3.23811 -1.75904  15000 
 3.24538 -1.71084  15000 
 3.25268 -1.66265  15000 
 3.26001 -1.61446  15000 
 3.26736 -1.56627  15000 
 3.27475 -1.51807  15000 
 3.28216 -1.46988  15000 
 3.28961 -1.42169  15000 
 3.29708 -1.37349  15000 
 3.30303 -1.33526  15000 
 3.3045 -1.3253  15000 
 3.31159 -1.27711  15000 
 3.31872 -1.22892  15000 
 3.32587 -1.18072  15000 
 3.33305 -1.13253  15000 
 3.34026 -1.08434  15000 
 3.3475 -1.03614  15000 
 3.35477 -0.987952  15000 
 3.36206 -0.939759  15000 
 3.36939 -0.891566  15000 
 3.37374 -0.863021  15000 
 3.37657 -0.843373  15000 
 3.38352 -0.795181  15000 
 3.3905 -0.746988  15000 
 3.39751 -0.698795  15000 
 3.40454 -0.650602  15000 
 3.41161 -0.60241  15000 
 3.4187 -0.554217  15000 
 3.42582 -0.506024  15000 
 3.43296 -0.457831  15000 
 3.44014 -0.409639  15000 
 3.44444 -0.380789  15000 
 3.44717 -0.361446  15000 
 3.45398 -0.313253  15000 
 3.46082 -0.26506  15000 
 3.46768 -0.216867  15000 
 3.47457 -0.168675  15000 
 3.48149 -0.120482  15000 
 3.48843 -0.0722892  15000 
 3.4954 -0.0240964  15000 
 3.5024  0.0240964  15000 
 3.50942  0.0722892  15000 
 3.51515  0.111439  15000 
 3.5164  0.120482  15000 
 3.52307  0.168675  15000 
 3.52976  0.216867  15000 
 3.53648  0.26506  15000 
 3.54322  0.313253  15000 
 3.54999  0.361446  15000 
 3.55678  0.409639  15000 
 3.56361  0.457831  15000 
 3.57046  0.506024  15000 
 3.57734  0.554217  15000 
 3.58424  0.60241  15000 
 3.58586  0.61368  15000 
 3.59086  0.650602  15000 
 3.59741  0.698795  15000 
 3.60398  0.746988  15000 
 3.61058  0.795181  15000 
 3.6172  0.843373  15000 
 3.62385  0.891566  15000 
 3.63053  0.939759  15000 
 3.63723  0.987952  15000 
 3.64396  1.03614  15000 
 3.65072  1.08434  15000 
 3.65657  1.12592  15000 
 3.65744  1.13253  15000 
 3.66385  1.18072  15000 
 3.67028  1.22892  15000 
 3.67673  1.27711  15000 
 3.68321  1.3253  15000 
 3.68971  1.37349  15000 
 3.69624  1.42169  15000 
 3.7028  1.46988  15000 
 3.70938  1.51807  15000 
 3.71598  1.56627  15000 
 3.72262  1.61446  15000 
 3.72727  1.64817  15000 
 3.72916  1.66265  15000 
 3.73544  1.71084  15000 
 3.74175  1.75904  15000 
 3.74809  1.80723  15000 
 3.75444  1.85542  15000 
 3.76083  1.90361  15000 
 3.76723  1.95181  15000 
 3.77367  2  15000 
 3.78013  2.04819  15000 
 3.78661  2.09639  15000 
 3.79312  2.14458  15000 
 3.79798  2.18042  15000 
 3.79956  2.19277  15000 
 3.80572  2.24096  15000 
 3.81191  2.28916  15000 


# Contour 24, label:    1e+04
-0.0212228  10  10000 
-0.020202  9.99989  10000 
-0.0166125  10  10000 

# Contour 25, label: 
 4.08081  6.65777  10000 
 4.08281  6.6747  10000 
 4.08852  6.72289  10000 
 4.09425  6.77108  10000 
 4.10002  6.81928  10000 
 4.1058  6.86747  10000 
 4.11162  6.91566  10000 
 4.11746  6.96386  10000 
 4.12334  7.01205  10000 
 4.12924  7.06024  10000 
 4.13517  7.10843  10000 
 4.14113  7.15663  10000 
 4.14712  7.20482  10000 
 4.15152  7.24007  10000 
 4.15302  7.25301  10000 
 4.15863  7.3012  10000 
 4.16426  7.3494  10000 
 4.16992  7.39759  10000 
 4.1756  7.44578  10000 
 4.18132  7.49398  10000 
 4.18706  7.54217  10000 
 4.19283  7.59036  10000 
 4.19862  7.63855  10000 
 4.20445  7.68675  10000 
 4.2103  7.73494  10000 
 4.21618  7.78313  10000 
 4.2221  7.83133  10000 
 4.22222  7.83236  10000 
 4.22761  7.87952  10000 
 4.23314  7.92771  10000 
 4.23869  7.9759  10000 
 4.24427  8.0241  10000 
 4.24988  8.07229  10000 
 4.25552  8.12048  10000 
 4.26118  8.16867  10000 
 4.26687  8.21687  10000 
 4.27258  8.26506  10000 
 4.27833  8.31325  10000 
 4.2841  8.36145  10000 
 4.2899  8.40964  10000 
 4.29293  8.43469  10000 
 4.29553  8.45783  10000 
 4.30095  8.50602  10000 
 4.3064  8.55422  10000 
 4.31187  8.60241  10000 
 4.31737  8.6506  10000 
 4.3229  8.6988  10000 
 4.32845  8.74699  10000 
 4.33403  8.79518  10000 
 4.33964  8.84337  10000 
 4.34527  8.89157  10000 
 4.35094  8.93976  10000 
 4.35663  8.98795  10000 
 4.36235  9.03614  10000 
 4.36364  9.047  10000 
 4.36776  9.08434  10000 
 4.3731  9.13253  10000 
 4.37847  9.18072  10000 
 4.38386  9.22892  10000 
 4.38927  9.27711  10000 
 4.39472  9.3253  10000 
 4.40018  9.37349  10000 
 4.40568  9.42169  10000 
 4.4112  9.46988  10000 
 4.41675  9.51807  10000 
 4.42233  9.56627  10000 
 4.42793  9.61446  10000 
 4.43356  9.66265  10000 
 4.43434  9.66931  10000 
 4.43886  9.71084  10000 
 4.44411  9.75904  10000 
 4.44939  9.80723  10000 
 4.4547  9.85542  10000 
 4.46003  9.90361  10000 
 4.46538  9.95181  10000 
 4.47076  10  10000 

# Contour 26, label: 
 3.5119  2.33735  10000 
 3.51515  2.35948  10000 
 3.51874  2.38554  10000 
 3.52539  2.43373  10000 
 3.53207  2.48193  10000 
 3.53878  2.53012  10000 
 3.54553  2.57831  10000 
 3.5523  2.62651  10000 
 3.55911  2.6747  10000 
 3.56596  2.72289  10000 
 3.57283  2.77108  10000 
 3.57974  2.81928  10000 
 3.58586  2.86174  10000 
 3.58663  2.86747  10000 
 3.59314  2.91566  10000 
 3.59967  2.96386  10000 
 3.60624  3.01205  10000 
 3.61283  3.06024  10000 
 3.61946  3.10843  10000 
 3.62612  3.15663  10000 
 3.63281  3.20482  10000 
 3.63953  3.25301  10000 
 3.64629  3.3012  10000 
 3.65308  3.3494  10000 
 3.65657  3.37403  10000 
 3.65968  3.39759  10000 
 3.66607  3.44578  10000 
 3.67249  3.49398  10000 
 3.67893  3.54217  10000 
 3.68541  3.59036  10000 
 3.69192  3.63855  10000 
 3.69846  3.68675  10000 
 3.70503  3.73494  10000 
 3.71164  3.78313  10000 
 3.71827  3.83133  10000 
 3.72494  3.87952  10000 
 3.72727  3.89631  10000 
 3.73135  3.92771  10000 
 3.73761  3.9759  10000 
 3.74391  4.0241  10000 
 3.75024  4.07229  10000 
 3.7566  4.12048  10000 
 3.76299  4.16867  10000 
 3.76941  4.21687  10000 
 3.77586  4.26506  10000 
 3.78234  4.31325  10000 
 3.78885  4.36145  10000 
 3.7954  4.40964  10000 
 3.79798  4.42859  10000 
 3.8017  4.45783  10000 
 3.80785  4.50602  10000 
 3.81403  4.55422  10000 
 3.82023  4.60241  10000 
 3.82647  4.6506  10000 
 3.83274  4.6988  10000 
 3.83903  4.74699  10000 
 3.84536  4.79518  10000 
 3.85172  4.84337  10000 
 3.8581  4.89157  10000 
 3.86453  4.93976  10000 
 3.86869  4.97088  10000 
 3.87082  4.98795  10000 
 3.87685  5.03614  10000 
 3.8829  5.08434  10000 
 3.88899  5.13253  10000 
 3.8951  5.18072  10000 
 3.90124  5.22892  10000 
 3.90741  5.27711  10000 
 3.91361  5.3253  10000 
 3.91984  5.37349  10000 
 3.92611  5.42169  10000 
 3.9324  5.46988  10000 
 3.93873  5.51807  10000 
 3.93939  5.52316  10000 
 3.94468  5.56627  10000 
 3.95061  5.61446  10000 
 3.95657  5.66265  10000 
 3.96256  5.71084  10000 
 3.96857  5.75904  10000 
 3.97462  5.80723  10000 
 3.98069  5.85542  10000 
 3.9868  5.90361  10000 
 3.99293  5.95181  10000 
 3.9991  6  10000 
 4.00529  6.04819  10000 
 4.0101  6.08546  10000 
 4.01142  6.09639  10000 
 4.01722  6.14458  10000 
 4.02306  6.19277  10000 
 4.02892  6.24096  10000 
 4.03481  6.28916  10000 
 4.04073  6.33735  10000 
 4.04667  6.38554  10000 
 4.05265  6.43373  10000 
 4.05865  6.48193  10000 
 4.06468  6.53012  10000 
 4.07075  6.57831  10000 
 4.07684  6.62651  10000 
 4.08081  6.65777  10000 

# Contour 27, label: 
 2.82767 -2  10000 
 2.83608 -1.95181  10000 
 2.84454 -1.90361  10000 
 2.85304 -1.85542  10000 
 2.86158 -1.80723  10000 
 2.87016 -1.75904  10000 
 2.87878 -1.71084  10000 
 2.8869 -1.66265  10000 
 2.89506 -1.61446  10000 
 2.90325 -1.56627  10000 
 2.91149 -1.51807  10000 
 2.91976 -1.46988  10000 
 2.92807 -1.42169  10000 
 2.93643 -1.37349  10000 
 2.94482 -1.3253  10000 
 2.94949 -1.29855  10000 
 2.95302 -1.27711  10000 
 2.96096 -1.22892  10000 
 2.96893 -1.18072  10000 
 2.97695 -1.13253  10000 
 2.985 -1.08434  10000 
 2.99309 -1.03614  10000 
 3.00122 -0.987952  10000 
 3.00939 -0.939759  10000 
 3.0176 -0.891566  10000 
 3.0202 -0.876314  10000 
 3.02549 -0.843373  10000 
 3.03325 -0.795181  10000 
 3.04104 -0.746988  10000 
 3.04888 -0.698795  10000 
 3.05675 -0.650602  10000 
 3.06466 -0.60241  10000 
 3.0726 -0.554217  10000 
 3.08059 -0.506024  10000 
 3.08861 -0.457831  10000 
 3.09091 -0.444071  10000 
 3.09631 -0.409639  10000 
 3.10389 -0.361446  10000 
 3.11151 -0.313253  10000 
 3.11916 -0.26506  10000 
 3.12685 -0.216867  10000 
 3.13457 -0.168675  10000 
 3.14234 -0.120482  10000 
 3.15014 -0.0722892  10000 
 3.15798 -0.0240964  10000 
 3.16162 -0.00181781  10000 
 3.16559  0.0240964  10000 
 3.17299  0.0722892  10000 
 3.18043  0.120482  10000 
 3.1879  0.168675  10000 
 3.19541  0.216867  10000 
 3.20296  0.26506  10000 
 3.21054  0.313253  10000 
 3.21816  0.361446  10000 
 3.22582  0.409639  10000 
 3.23232  0.450421  10000 
 3.23343  0.457831  10000 
 3.24066  0.506024  10000 
 3.24792  0.554217  10000 
 3.25522  0.60241  10000 
 3.26255  0.650602  10000 
 3.26991  0.698795  10000 
 3.27731  0.746988  10000 
 3.28475  0.795181  10000 
 3.29222  0.843373  10000 
 3.29973  0.891566  10000 
 3.30303  0.91269  10000 
 3.307  0.939759  10000 
 3.31408  0.987952  10000 
 3.3212  1.03614  10000 
 3.32835  1.08434  10000 
 3.33553  1.13253  10000 
 3.34275  1.18072  10000 
 3.35001  1.22892  10000 
 3.3573  1.27711  10000 
 3.36462  1.3253  10000 
 3.37199  1.37349  10000 
 3.37374  1.38494  10000 
 3.37901  1.42169  10000 
 3.38595  1.46988  10000 
 3.39292  1.51807  10000 
 3.39993  1.56627  10000 
 3.40697  1.61446  10000 
 3.41404  1.66265  10000 
 3.42115  1.71084  10000 
 3.42829  1.75904  10000 
 3.43546  1.80723  10000 
 3.44268  1.85542  10000 
 3.44444  1.86721  10000 
 3.44956  1.90361  10000 
 3.45636  1.95181  10000 
 3.46318  2  10000 
 3.47004  2.04819  10000 
 3.47693  2.09639  10000 
 3.48386  2.14458  10000 
 3.49082  2.19277  10000 
 3.49781  2.24096  10000 
 3.50484  2.28916  10000 
 3.5119  2.33735  10000 


# Contour 28, label:    5e+03
 0.545455  7.3684  5000 
 0.570628  7.39759  5000 
 0.612024  7.44578  5000 
 0.616162  7.4506  5000 
 0.649538  7.49398  5000 
 0.686397  7.54217  5000 
 0.686869  7.54278  5000 
 0.719923  7.59036  5000 
 0.753181  7.63855  5000 
 0.757576  7.64493  5000 
 0.78406  7.68675  5000 
 0.814401  7.73494  5000 
 0.828283  7.75706  5000 
 0.843456  7.78313  5000 
 0.871396  7.83133  5000 
 0.89899  7.87924  5000 
 0.899138  7.87952  5000 
 0.925079  7.92771  5000 
 0.950843  7.9759  5000 
 0.969697  8.01135  5000 
 0.976082  8.0241  5000 
 1.00017  8.07229  5000 
 1.0241  8.12048  5000 
 1.0404  8.15347  5000 
 1.04752  8.16867  5000 
 1.07004  8.21687  5000 
 1.0924  8.26506  5000 
 1.11111  8.30561  5000 
 1.11447  8.31325  5000 
 1.13564  8.36145  5000 
 1.15666  8.40964  5000 
 1.17754  8.45783  5000 
 1.18182  8.46771  5000 
 1.1977  8.50602  5000 
 1.21756  8.55422  5000 
 1.23729  8.60241  5000 
 1.25253  8.63981  5000 
 1.25675  8.6506  5000 
 1.27562  8.6988  5000 
 1.29435  8.74699  5000 
 1.31296  8.79518  5000 
 1.32323  8.8219  5000 
 1.33122  8.84337  5000 
 1.34909  8.89157  5000 
 1.36683  8.93976  5000 
 1.38445  8.98795  5000 
 1.39394  9.01398  5000 
 1.40178  9.03614  5000 
 1.41877  9.08434  5000 
 1.43565  9.13253  5000 
 1.45241  9.18072  5000 
 1.46465  9.21607  5000 
 1.46898  9.22892  5000 
 1.4852  9.27711  5000 
 1.50132  9.3253  5000 
 1.51732  9.37349  5000 
 1.53322  9.42169  5000 
 1.53535  9.42816  5000 
 1.5488  9.46988  5000 
 1.56425  9.51807  5000 
 1.57958  9.56627  5000 
 1.59482  9.61446  5000 
 1.60606  9.65021  5000 
 1.6099  9.66265  5000 
 1.62475  9.71084  5000 
 1.6395  9.75904  5000 
 1.65415  9.80723  5000 
 1.6687  9.85542  5000 
 1.67677  9.88225  5000 
 1.68309  9.90361  5000 
 1.69732  9.95181  5000 
 1.71145  10  5000 

# Contour 29, label: 
-1.71292  10  5000 
-1.69873  9.95181  5000 
-1.68446  9.90361  5000 
-1.67008  9.85542  5000 
-1.65561  9.80723  5000 
-1.64646  9.77692  5000 
-1.64098  9.75904  5000 
-1.62616  9.71084  5000 
-1.61123  9.66265  5000 
-1.59621  9.61446  5000 
-1.58108  9.56627  5000 
-1.57576  9.54935  5000 
-1.56571  9.51807  5000 
-1.55017  9.46988  5000 
-1.53452  9.42169  5000 
-1.51877  9.37349  5000 
-1.50505  9.33179  5000 
-1.50287  9.3253  5000 
-1.48662  9.27711  5000 
-1.47027  9.22892  5000 
-1.4538  9.18072  5000 
-1.43722  9.13253  5000 
-1.43434  9.12419  5000 
-1.42023  9.08434  5000 
-1.40307  9.03614  5000 
-1.3858  8.98795  5000 
-1.3684  8.93976  5000 
-1.36364  8.92659  5000 
-1.35057  8.89157  5000 
-1.33249  8.84337  5000 
-1.3143  8.79518  5000 
-1.29597  8.74699  5000 
-1.29293  8.73899  5000 
-1.27707  8.6988  5000 
-1.25796  8.6506  5000 
-1.23871  8.60241  5000 
-1.22222  8.56138  5000 
-1.21923  8.55422  5000 
-1.19905  8.50602  5000 
-1.17873  8.45783  5000 
-1.15828  8.40964  5000 
-1.15152  8.39374  5000 
-1.13714  8.36145  5000 
-1.11559  8.31325  5000 
-1.09389  8.26506  5000 
-1.08081  8.23611  5000 
-1.07166  8.21687  5000 
-1.04868  8.16867  5000 
-1.02554  8.12048  5000 
-1.0101  8.08848  5000 
-1.00184  8.07229  5000 
-0.977182  8.0241  5000 
-0.952358  7.9759  5000 
-0.939394  7.95083  5000 
-0.926661  7.92771  5000 
-0.900031  7.87952  5000 
-0.873218  7.83133  5000 
-0.868687  7.82319  5000 
-0.844732  7.78313  5000 
-0.81575  7.73494  5000 
-0.79798  7.70551  5000 
-0.785707  7.68675  5000 
-0.754109  7.63855  5000 
-0.727273  7.59786  5000 
-0.721862  7.59036  5000 
-0.687062  7.54217  5000 
-0.656566  7.50019  5000 
-0.651571  7.49398  5000 
-0.612785  7.44578  5000 
-0.585859  7.41248  5000 
-0.572332  7.39759  5000 
-0.528473  7.3494  5000 
-0.515152  7.33479  5000 
-0.480124  7.3012  5000 
-0.444444  7.26709  5000 
-0.427209  7.25301  5000 
-0.373737  7.2094  5000 
-0.366952  7.20482  5000 
-0.30303  7.16168  5000 
-0.293554  7.15663  5000 
-0.232323  7.12393  5000 
-0.192754  7.10843  5000 
-0.161616  7.0962  5000 
-0.0909091  7.07845  5000 
-0.020202  7.07071  5000 
 0.0505051  7.07295  5000 
 0.121212  7.08517  5000 
 0.191919  7.10744  5000 
 0.194107  7.10843  5000 
 0.262626  7.13962  5000 
 0.291106  7.15663  5000 
 0.333333  7.18182  5000 
 0.36449  7.20482  5000 
 0.40404  7.23403  5000 
 0.425647  7.25301  5000 
 0.474747  7.29624  5000 
 0.479616  7.3012  5000 
 0.526869  7.3494  5000 
 0.545455  7.3684  5000 

# Contour 30, label: 
 3.68002  6.48193  5000 
 3.68648  6.53012  5000 
 3.69299  6.57831  5000 
 3.69954  6.62651  5000 
 3.70614  6.6747  5000 
 3.71279  6.72289  5000 
 3.71948  6.77108  5000 
 3.72622  6.81928  5000 
 3.72727  6.82678  5000 
 3.7325  6.86747  5000 
 3.73872  6.91566  5000 
 3.74498  6.96386  5000 
 3.75129  7.01205  5000 
 3.75763  7.06024  5000 
 3.76402  7.10843  5000 
 3.77045  7.15663  5000 
 3.77693  7.20482  5000 
 3.78345  7.25301  5000 
 3.79002  7.3012  5000 
 3.79664  7.3494  5000 
 3.79798  7.35915  5000 
 3.80282  7.39759  5000 
 3.80892  7.44578  5000 
 3.81506  7.49398  5000 
 3.82124  7.54217  5000 
 3.82747  7.59036  5000 
 3.83373  7.63855  5000 
 3.84004  7.68675  5000 
 3.84639  7.73494  5000 
 3.85278  7.78313  5000 
 3.85923  7.83133  5000 
 3.86571  7.87952  5000 
 3.86869  7.90153  5000 
 3.87192  7.92771  5000 
 3.8779  7.9759  5000 
 3.88391  8.0241  5000 
 3.88997  8.07229  5000 
 3.89606  8.12048  5000 
 3.9022  8.16867  5000 
 3.90838  8.21687  5000 
 3.9146  8.26506  5000 
 3.92086  8.31325  5000 
 3.92717  8.36145  5000 
 3.93352  8.40964  5000 
 3.93939  8.45388  5000 
 3.93987  8.45783  5000 
 3.94572  8.50602  5000 
 3.95161  8.55422  5000 
 3.95753  8.60241  5000 
 3.9635  8.6506  5000 
 3.9695  8.6988  5000 
 3.97554  8.74699  5000 
 3.98163  8.79518  5000 
 3.98776  8.84337  5000 
 3.99393  8.89157  5000 
 4.00014  8.93976  5000 
 4.0064  8.98795  5000 
 4.0101  9.01629  5000 
 4.01247  9.03614  5000 
 4.01822  9.08434  5000 
 4.02401  9.13253  5000 
 4.02984  9.18072  5000 
 4.03571  9.22892  5000 
 4.04162  9.27711  5000 
 4.04756  9.3253  5000 
 4.05355  9.37349  5000 
 4.05958  9.42169  5000 
 4.06566  9.46988  5000 
 4.07177  9.51807  5000 
 4.07793  9.56627  5000 
 4.08081  9.58868  5000 
 4.08382  9.61446  5000 
 4.08948  9.66265  5000 
 4.09517  9.71084  5000 
 4.1009  9.75904  5000 
 4.10667  9.80723  5000 
 4.11248  9.85542  5000 
 4.11832  9.90361  5000 
 4.12421  9.95181  5000 
 4.13014  10  5000 

# Contour 31, label: 
 3.04252  2.19277  5000 
 3.05034  2.24096  5000 
 3.05822  2.28916  5000 
 3.06615  2.33735  5000 
 3.07413  2.38554  5000 
 3.08217  2.43373  5000 
 3.09027  2.48193  5000 
 3.09091  2.48576  5000 
 3.09781  2.53012  5000 
 3.10535  2.57831  5000 
 3.11294  2.62651  5000 
 3.12058  2.6747  5000 
 3.12827  2.72289  5000 
 3.13601  2.77108  5000 
 3.14381  2.81928  5000 
 3.15166  2.86747  5000 
 3.15957  2.91566  5000 
 3.16162  2.92809  5000 
 3.16705  2.96386  5000 
 3.17441  3.01205  5000 
 3.18182  3.06024  5000 
 3.18928  3.10843  5000 
 3.19678  3.15663  5000 
 3.20434  3.20482  5000 
 3.21195  3.25301  5000 
 3.21961  3.3012  5000 
 3.22733  3.3494  5000 
 3.23232  3.38041  5000 
 3.23488  3.39759  5000 
 3.24205  3.44578  5000 
 3.24928  3.49398  5000 
 3.25655  3.54217  5000 
 3.26387  3.59036  5000 
 3.27124  3.63855  5000 
 3.27866  3.68675  5000 
 3.28613  3.73494  5000 
 3.29366  3.78313  5000 
 3.30123  3.83133  5000 
 3.30303  3.84272  5000 
 3.30838  3.87952  5000 
 3.31542  3.92771  5000 
 3.3225  3.9759  5000 
 3.32963  4.0241  5000 
 3.33681  4.07229  5000 
 3.34404  4.12048  5000 
 3.35132  4.16867  5000 
 3.35865  4.21687  5000 
 3.36603  4.26506  5000 
 3.37346  4.31325  5000 
 3.37374  4.31503  5000 
 3.38034  4.36145  5000 
 3.38724  4.40964  5000 
 3.39418  4.45783  5000 
 3.40116  4.50602  5000 
 3.4082  4.55422  5000 
 3.41528  4.60241  5000 
 3.42241  4.6506  5000 
 3.4296  4.6988  5000 
 3.43683  4.74699  5000 
 3.44411  4.79518  5000 
 3.44444  4.79736  5000 
 3.45085  4.84337  5000 
 3.4576  4.89157  5000 
 3.4644  4.93976  5000 
 3.47124  4.98795  5000 
 3.47812  5.03614  5000 
 3.48506  5.08434  5000 
 3.49204  5.13253  5000 
 3.49907  5.18072  5000 
 3.50615  5.22892  5000 
 3.51328  5.27711  5000 
 3.51515  5.28973  5000 
 3.52  5.3253  5000 
 3.52661  5.37349  5000 
 3.53325  5.42169  5000 
 3.53994  5.46988  5000 
 3.54668  5.51807  5000 
 3.55346  5.56627  5000 
 3.56028  5.61446  5000 
 3.56716  5.66265  5000 
 3.57408  5.71084  5000 
 3.58105  5.75904  5000 
 3.58586  5.79208  5000 
 3.58788  5.80723  5000 
 3.59433  5.85542  5000 
 3.60083  5.90361  5000 
 3.60736  5.95181  5000 
 3.61394  6  5000 
 3.62057  6.04819  5000 
 3.62724  6.09639  5000 
 3.63395  6.14458  5000 
 3.64072  6.19277  5000 
 3.64753  6.24096  5000 
 3.65439  6.28916  5000 
 3.65657  6.30443  5000 
 3.66088  6.33735  5000 
 3.66722  6.38554  5000 
 3.6736  6.43373  5000 
 3.68002  6.48193  5000 

# Contour 32, label: 
 2.25135 -2  5000 
 2.26179 -1.95181  5000 
 2.27229 -1.90361  5000 
 2.28286 -1.85542  5000 
 2.29351 -1.80723  5000 
 2.30423 -1.75904  5000 
 2.31313 -1.71925  5000 
 2.31488 -1.71084  5000 
 2.32495 -1.66265  5000 
 2.33508 -1.61446  5000 
 2.34528 -1.56627  5000 
 2.35555 -1.51807  5000 
 2.36589 -1.46988  5000 
 2.3763 -1.42169  5000 
 2.38384 -1.387  5000 
 2.38657 -1.37349  5000 
 2.39634 -1.3253  5000 
 2.40618 -1.27711  5000 
 2.41608 -1.22892  5000 
 2.42605 -1.18072  5000 
 2.43609 -1.13253  5000 
 2.44619 -1.08434  5000 
 2.45455 -1.04475  5000 
 2.45624 -1.03614  5000 
 2.46572 -0.987952  5000 
 2.47526 -0.939759  5000 
 2.48487 -0.891566  5000 
 2.49454 -0.843373  5000 
 2.50428 -0.795181  5000 
 2.51409 -0.746988  5000 
 2.52396 -0.698795  5000 
 2.52525 -0.692504  5000 
 2.53325 -0.650602  5000 
 2.54251 -0.60241  5000 
 2.55182 -0.554217  5000 
 2.5612 -0.506024  5000 
 2.57064 -0.457831  5000 
 2.58015 -0.409639  5000 
 2.58973 -0.361446  5000 
 2.59596 -0.330223  5000 
 2.59911 -0.313253  5000 
 2.60808 -0.26506  5000 
 2.61711 -0.216867  5000 
 2.6262 -0.168675  5000 
 2.63534 -0.120482  5000 
 2.64456 -0.0722892  5000 
 2.65383 -0.0240964  5000 
 2.66318  0.0240964  5000 
 2.66667  0.0420462  5000 
 2.67213  0.0722892  5000 
 2.68087  0.120482  5000 
 2.68968  0.168675  5000 
 2.69854  0.216867  5000 
 2.70746  0.26506  5000 
 2.71644  0.313253  5000 
 2.72548  0.361446  5000 
 2.73459  0.409639  5000 
 2.73737  0.424317  5000 
 2.74327  0.457831  5000 
 2.75179  0.506024  5000 
 2.76036  0.554217  5000 
 2.769  0.60241  5000 
 2.77769  0.650602  5000 
 2.78644  0.698795  5000 
 2.79525  0.746988  5000 
 2.80412  0.795181  5000 
 2.80808  0.816603  5000 
 2.81267  0.843373  5000 
 2.82096  0.891566  5000 
 2.82931  0.939759  5000 
 2.83772  0.987952  5000 
 2.84618  1.03614  5000 
 2.85469  1.08434  5000 
 2.86327  1.13253  5000 
 2.87191  1.18072  5000 
 2.87879  1.21888  5000 
 2.88047  1.22892  5000 
 2.88853  1.27711  5000 
 2.89666  1.3253  5000 
 2.90483  1.37349  5000 
 2.91306  1.42169  5000 
 2.92135  1.46988  5000 
 2.92969  1.51807  5000 
 2.93809  1.56627  5000 
 2.94655  1.61446  5000 
 2.94949  1.63118  5000 
 2.95463  1.66265  5000 
 2.96252  1.71084  5000 
 2.97047  1.75904  5000 
 2.97847  1.80723  5000 
 2.98652  1.85542  5000 
 2.99463  1.90361  5000 
 3.00279  1.95181  5000 
 3.01102  2  5000 
 3.0193  2.04819  5000 
 3.0202  2.05345  5000 
 3.02704  2.09639  5000 
 3.03476  2.14458  5000 
 3.04252  2.19277  5000 

