3.1 -1 11261.6
3.09891 9.60323 4.40541
3.09891 9.60323 4.40541
3.09891 9.60323 4.40541
3.09782 9.59646 4.40083
3.09782 9.59646 4.40083
3.09782 9.59646 4.40083
3.09782 9.59646 4.40083
3.12739 9.78404 4.527
3.12739 9.78404 4.527
3.12739 9.78404 4.527
3.12739 9.78404 4.527
3.12739 9.78404 4.527
3.12739 9.78404 4.527
3.12557 9.7725 4.51914
3.12557 9.7725 4.51914
3.12374 9.76106 4.51137
3.12191 9.74963 4.50359
3.11825 9.72677 4.48806
3.11825 9.72677 4.48806
3.11458 9.70395 4.47257
3.11458 9.70395 4.47257
3.11458 9.70395 4.47257
3.11413 9.70108 4.47061
3.1139 9.69966 4.46966
3.1139 9.69966 4.46966
3.1139 9.69966 4.46966
3.1139 9.69966 4.46966
3.11387 9.69948 4.46953
3.11387 9.69948 4.46953
3.11387 9.69948 4.46953
3.11387 9.69948 4.46953
3.11387 9.69948 4.46953
3.11387 9.69948 4.46953
3.11387 9.69948 4.46953
3.11387 9.69948 4.46953
3.11387 9.69948 4.46953
3.11387 9.69948 4.46953
3.11387 9.69948 4.46953
3.11387 9.69948 4.46953
3.11387 9.69948 4.46953
3.11387 9.69948 4.46953
3.11387 9.69948 4.46953
3.11387 9.69948 4.46953
3.11387 9.69948 4.46953
3.11387 9.69948 4.46953
3.11387 9.69948 4.46953
3.11387 9.69948 4.46953
3.11387 9.69948 4.46953
3.11387 9.69948 4.46953
3.11387 9.69948 4.46953
3.11387 9.69948 4.46953
3.11387 9.69948 4.46953
3.11387 9.69948 4.46953
3.11387 9.69948 4.46953
3.11387 9.69948 4.46953
3.11387 9.69948 4.46953
3.11387 9.69948 4.46953
3.11387 9.69948 4.46953
3.11387 9.69948 4.46953
3.11387 9.69948 4.46953
3.11387 9.69948 4.46953
3.11387 9.69948 4.46953
3.11387 9.69948 4.46953
3.11387 9.69948 4.46953
3.11387 9.69948 4.46953
3.11387 9.69948 4.46953
3.11387 9.69948 4.46953
3.11387 9.69948 4.46953
3.11387 9.69948 4.46953
3.11387 9.69948 4.46953
3.11387 9.69948 4.46953
3.11387 9.69948 4.46953
3.11387 9.69948 4.46953
3.11387 9.69948 4.46953
3.11387 9.69948 4.46953
3.11387 9.69948 4.46953
3.11387 9.69948 4.46953
3.11387 9.69948 4.46953
3.11387 9.69948 4.46953
3.11387 9.69948 4.46953
3.11387 9.69948 4.46953
3.11387 9.69948 4.46953
3.11387 9.69948 4.46953
3.11387 9.69948 4.46953
3.11387 9.69948 4.46953
3.11387 9.69948 4.46953
3.11387 9.69948 4.46953
3.11387 9.69948 4.46953
3.11387 9.69948 4.46953
3.11387 9.69948 4.46953
3.11387 9.69948 4.46953
3.11387 9.69948 4.46953
3.11387 9.69948 4.46953
3.11387 9.69948 4.46953
3.11387 9.69948 4.46953
3.11387 9.69948 4.46953
3.11387 9.69948 4.46953
3.11387 9.69948 4.46953
3.11387 9.69948 4.46953
3.11387 9.69948 4.46953
3.11387 9.69948 4.46953
3.11387 9.69947 4.46952
3.11386 9.69946 4.46952
3.11386 9.69944 4.4695
3.11385 9.69939 4.46947
3.11384 9.6993 4.46941
3.11381 9.69913 4.46929
3.11375 9.69877 4.46905
3.11364 9.69806 4.46856
3.11341 9.69663 4.4676
3.11295 9.69378 4.46566
3.11204 9.68807 4.46179
3.1102 9.67667 4.45405
3.1102 9.67667 4.45405
3.10837 9.66528 4.44632
3.10837 9.66528 4.44632
3.10654 9.65388 4.43859
3.10654 9.65388 4.43859
3.1047 9.64249 4.43087
3.1047 9.64249 4.43087
3.10287 9.63111 4.42316
3.10287 9.63111 4.42316
3.10104 9.61973 4.41545
3.10104 9.61973 4.41545
3.0992 9.60836 4.40774
3.0992 9.60836 4.40774
3.09737 9.59699 4.40004
3.09737 9.59699 4.40004
3.09553 9.58562 4.39234
3.09553 9.58562 4.39234
3.0937 9.57426 4.38466
3.0937 9.57426 4.38466
3.09186 9.5629 4.37697
3.09186 9.5629 4.37697
3.09002 9.55155 4.36929
3.09002 9.55155 4.36929
3.08819 9.54021 4.36162
3.08819 9.54021 4.36162
3.08635 9.52886 4.35395
3.08635 9.52886 4.35395
3.08451 9.51753 4.34629
3.08451 9.51753 4.34629
3.08268 9.50619 4.33863
3.08268 9.50619 4.33863
3.08084 9.49487 4.33098
3.08084 9.49487 4.33098
3.079 9.48354 4.32333
3.079 9.48354 4.32333
3.07716 9.47222 4.31569
3.07349 9.44959 4.30041
3.07165 9.43829 4.29279
3.06797 9.41569 4.27755
3.06797 9.41569 4.27755
3.06428 9.39313 4.26236
3.06428 9.39313 4.26236
3.0606 9.37058 4.24716
3.0606 9.37058 4.24716
3.05692 9.34804 4.23199
3.05692 9.34804 4.23199
3.05323 9.32552 4.21685
3.05323 9.32552 4.21685
3.04955 9.30302 4.20172
3.04955 9.30302 4.20172
3.04586 9.28054 4.18662
3.04586 9.28054 4.18662
3.04217 9.25808 4.17153
3.04217 9.25808 4.17153
3.03848 9.23563 4.15647
3.03848 9.23563 4.15647
3.03663 9.22441 4.14895
3.03294 9.20198 4.13391
3.03294 9.20198 4.13391
3.02925 9.17961 4.11892
3.02925 9.17961 4.11892
3.02555 9.15724 4.10393
3.02186 9.13485 4.08895
3.02001 9.12369 4.08148
3.01631 9.10136 4.06655
3.01631 9.10136 4.06655
3.01261 9.07907 4.05166
3.00891 9.05676 4.03675
3.00891 9.05676 4.03675
3.0052 9.03451 4.02191
3.0052 9.03451 4.02191
3.0015 9.01226 4.00707
2.9978 8.99001 3.99223
2.9978 8.99001 3.99223
2.99409 8.96782 3.97745
2.99409 8.96782 3.97745
2.99038 8.94563 3.96267
2.98667 8.92343 3.9479
2.98667 8.92343 3.9479
2.98296 8.9013 3.93319
2.98296 8.9013 3.93319
2.97925 8.87917 3.91848
2.97554 8.85703 3.90378
2.97554 8.85703 3.90378
2.97182 8.83496 3.88913
2.97182 8.83496 3.88913
2.96811 8.81289 3.87449
2.96439 8.79081 3.85985
2.96439 8.79081 3.85985
2.96067 8.7688 3.84527
2.95695 8.74676 3.83068
2.95695 8.74676 3.83068
2.95323 8.72478 3.81614
2.94951 8.70278 3.8016
2.94951 8.70278 3.8016
2.94578 8.68085 3.7871
2.94206 8.65889 3.7726
2.94206 8.65889 3.7726
2.93833 8.637 3.75816
2.9346 8.61508 3.7437
2.9346 8.61508 3.7437
2.93087 8.59322 3.7293
2.92714 8.57134 3.71489
2.92714 8.57134 3.71489
2.92341 8.54953 3.70053
2.91968 8.52769 3.68617
2.91968 8.52769 3.68617
2.91594 8.50592 3.67186
2.91221 8.48411 3.65754
2.91221 8.48411 3.65754
2.90847 8.46238 3.64327
2.90473 8.44062 3.629
2.90473 8.44062 3.629
2.90099 8.41893 3.61478
2.89725 8.39721 3.60055
2.89725 8.39721 3.60055
2.8935 8.37556 3.58637
2.88976 8.35388 3.57219
2.88976 8.35388 3.57219
2.88601 8.33226 3.55806
2.88601 8.33226 3.55806
2.88414 8.32144 3.55099
2.88039 8.29982 3.53688
2.88039 8.29982 3.53688
2.87664 8.27826 3.5228
2.87664 8.27826 3.5228
2.87477 8.26746 3.51576
2.87102 8.2459 3.5017
2.87102 8.2459 3.5017
2.86727 8.22439 3.48769
2.86727 8.22439 3.48769
2.86539 8.21362 3.48068
2.86164 8.1921 3.46667
2.86164 8.1921 3.46667
2.85788 8.17064 3.45272
2.85788 8.17064 3.45272
2.856 8.1599 3.44573
2.85224 8.13843 3.43179
2.85224 8.13843 3.43179
2.84848 8.11702 3.41789
2.84848 8.11702 3.41789
2.8466 8.1063 3.41094
2.84284 8.08489 3.39705
2.84284 8.08489 3.39705
2.83908 8.06353 3.38321
2.83908 8.06353 3.38321
2.8372 8.05284 3.37629
2.83344 8.03148 3.36246
2.83344 8.03148 3.36246
2.82967 8.01017 3.34868
2.82967 8.01017 3.34868
2.82779 7.99951 3.34178
2.82402 7.9782 3.32801
2.82402 7.9782 3.32801
2.82025 7.95694 3.31429
2.82025 7.95694 3.31429
2.81836 7.9463 3.30742
2.81459 7.92504 3.29371
2.81459 7.92504 3.29371
2.81082 7.90384 3.28005
2.81082 7.90384 3.28005
2.80893 7.89323 3.27321
2.80516 7.87202 3.25956
2.80516 7.87202 3.25956
2.80138 7.85087 3.24596
2.80138 7.85087 3.24596
2.79949 7.84028 3.23915
2.79572 7.81913 3.22556
2.79572 7.81913 3.22556
2.79194 7.79803 3.21201
2.79194 7.79803 3.21201
2.79005 7.78747 3.20523
2.78627 7.76637 3.1917
2.78627 7.76637 3.1917
2.78248 7.74532 3.17821
2.78248 7.74532 3.17821
2.78059 7.73479 3.17147
2.77681 7.71374 3.15799
2.77681 7.71374 3.15799
2.77302 7.69275 3.14457
2.77302 7.69275 3.14457
2.77113 7.68224 3.13785
2.76734 7.66124 3.12443
2.76734 7.66124 3.12443
2.76355 7.6403 3.11107
2.76355 7.6403 3.11107
2.76165 7.62982 3.10438
2.75786 7.60888 3.09102
2.75786 7.60888 3.09102
2.75407 7.58799 3.07772
2.75407 7.58799 3.07772
2.75217 7.57754 3.07106
2.74838 7.55665 3.05776
2.74838 7.55665 3.05776
2.74458 7.53582 3.04452
2.74458 7.53582 3.04452
2.74268 7.52538 3.03789
2.73889 7.50455 3.02466
2.73889 7.50455 3.02466
2.73508 7.48377 3.01147
2.73508 7.48377 3.01147
2.73318 7.47337 3.00487
2.72938 7.45258 2.9917
2.72938 7.45258 2.9917
2.72558 7.43186 2.97857
2.72558 7.43186 2.97857
2.72368 7.42148 2.972
2.71987 7.40076 2.95889
2.71987 7.40076 2.95889
2.71607 7.38009 2.94583
2.71607 7.38009 2.94583
2.71416 7.36974 2.93929
2.71036 7.34906 2.92624
2.71036 7.34906 2.92624
2.70654 7.32845 2.91323
2.70654 7.32845 2.91323
2.70464 7.31812 2.90673
2.70083 7.2975 2.89373
2.70083 7.2975 2.89373
2.69701 7.27694 2.88079
2.69701 7.27694 2.88079
2.69511 7.26665 2.87431
2.69129 7.24608 2.86139
2.69129 7.24608 2.86139
2.68747 7.22557 2.8485
2.68747 7.22557 2.8485
2.68557 7.21531 2.84206
2.68175 7.19479 2.82919
2.68175 7.19479 2.82919
2.67793 7.17434 2.81637
2.67793 7.17434 2.81637
2.67602 7.1641 2.80995
2.6722 7.14364 2.79715
2.6722 7.14364 2.79715
2.66837 7.12325 2.78439
2.66837 7.12325 2.78439
2.66646 7.11303 2.778
2.66264 7.09263 2.76526
2.66264 7.09263 2.76526
2.65881 7.07229 2.75256
2.65881 7.07229 2.75256
2.65689 7.06211 2.74621
2.65307 7.04176 2.73353
2.65307 7.04176 2.73353
2.64924 7.02147 2.72089
2.64924 7.02147 2.72089
2.64732 7.01131 2.71457
2.64349 6.99102 2.70195
2.64349 6.99102 2.70195
2.63965 6.97079 2.68938
2.63965 6.97079 2.68938
2.63774 6.96066 2.68309
2.6339 6.94043 2.67053
2.6339 6.94043 2.67053
2.63006 6.92025 2.65802
2.63006 6.92025 2.65802
2.62815 6.91015 2.65176
2.62431 6.88997 2.63926
2.62431 6.88997 2.63926
2.62047 6.86985 2.62681
2.62047 6.86985 2.62681
2.61855 6.85977 2.62059
2.61471 6.83965 2.60815
2.61471 6.83965 2.60815
2.61086 6.81959 2.59577
2.61086 6.81959 2.59577
2.60894 6.80954 2.58957
2.60509 6.78947 2.5772
2.60509 6.78947 2.5772
2.60125 6.76946 2.56488
2.60125 6.76946 2.56488
2.59932 6.75945 2.55872
2.59547 6.73944 2.54641
2.59547 6.73944 2.54641
2.59162 6.71948 2.53415
2.59162 6.71948 2.53415
2.5897 6.7095 2.52802
2.58585 6.68954 2.51577
2.58585 6.68954 2.51577
2.58199 6.66965 2.50358
2.58199 6.66965 2.50358
2.58006 6.65969 2.49748
2.57621 6.63979 2.4853
2.57621 6.63979 2.4853
2.57235 6.61995 2.47316
2.57235 6.61995 2.47316
2.57042 6.61002 2.4671
2.56656 6.59018 2.45498
2.56656 6.59018 2.45498
2.5627 6.5704 2.44291
2.5627 6.5704 2.44291
2.56077 6.56049 2.43687
2.55691 6.54071 2.42482
2.55691 6.54071 2.42482
2.55304 6.52098 2.41282
2.55304 6.52098 2.41282
2.55111 6.51111 2.40681
2.54725 6.49138 2.39482
2.54725 6.49138 2.39482
2.54338 6.47172 2.38288
2.54338 6.47172 2.38288
2.54145 6.46187 2.37691
2.53758 6.4422 2.36499
2.53758 6.4422 2.36499
2.5337 6.42259 2.35311
2.5337 6.42259 2.35311
2.53177 6.41278 2.34717
2.5279 6.39317 2.33531
2.5279 6.39317 2.33531
2.52402 6.37361 2.3235
2.52402 6.37361 2.3235
2.52209 6.36383 2.31759
2.51821 6.34427 2.3058
2.51821 6.34427 2.3058
2.51433 6.32478 2.29405
2.51433 6.32478 2.29405
2.51239 6.31502 2.28818
2.50851 6.29553 2.27645
2.50851 6.29553 2.27645
2.50463 6.27609 2.26476
2.50463 6.27609 2.26476
2.50269 6.26636 2.25892
2.49881 6.24693 2.24726
2.49881 6.24693 2.24726
2.49492 6.22755 2.23564
2.49492 6.22755 2.23564
2.49298 6.21785 2.22983
2.4891 6.19847 2.21823
2.4891 6.19847 2.21823
2.48521 6.17915 2.20668
2.48521 6.17915 2.20668
2.48326 6.16949 2.2009
2.47938 6.15017 2.18937
2.47938 6.15017 2.18937
2.47548 6.13091 2.17788
2.47548 6.13091 2.17788
2.47354 6.12127 2.17214
2.46965 6.102 2.16067
2.46965 6.102 2.16067
2.46575 6.0828 2.14925
2.46575 6.0828 2.14925
2.46575 6.0828 2.14925
2.46527 6.08039 2.14782
2.46478 6.07799 2.14639
2.46478 6.07799 2.14639
2.46478 6.07799 2.14639
2.46472 6.07769 2.14621
2.46472 6.07769 2.14621
2.46472 6.07769 2.14621
2.46472 6.07769 2.14621
2.46472 6.07769 2.14621
2.46472 6.07769 2.14621
2.46472 6.07769 2.14621
2.46472 6.07768 2.14621
2.46472 6.07768 2.14621
2.46472 6.07768 2.14621
2.46472 6.07768 2.14621
2.46472 6.07768 2.14621
2.46472 6.07768 2.14621
2.46472 6.07768 2.14621
2.46472 6.07768 2.14621
2.46472 6.07768 2.14621
2.46472 6.07768 2.14621
2.46472 6.07768 2.14621
2.46472 6.07768 2.14621
2.46472 6.07768 2.14621
2.46472 6.07768 2.14621
2.46472 6.07768 2.14621
2.46472 6.07768 2.14621
2.46472 6.07768 2.14621
2.46472 6.07768 2.14621
2.46472 6.07768 2.14621
2.46472 6.07768 2.14621
2.46472 6.07768 2.14621
2.46472 6.07768 2.14621
2.46472 6.07768 2.14621
2.46472 6.07768 2.14621
2.46472 6.07768 2.14621
2.46472 6.07768 2.14621
2.46472 6.07768 2.14621
2.46472 6.07768 2.14621
2.46472 6.07768 2.14621
2.46472 6.07768 2.14621
2.46472 6.07768 2.14621
2.46472 6.07768 2.14621
2.46472 6.07768 2.14621
2.46472 6.07768 2.14621
2.46472 6.07768 2.14621
2.46472 6.07768 2.14621
2.46472 6.07768 2.14621
2.46472 6.07768 2.14621
2.46472 6.07768 2.14621
2.46472 6.07768 2.14621
2.46472 6.07768 2.14621
2.46472 6.07768 2.14621
2.46472 6.07768 2.14621
2.46472 6.07768 2.14621
2.46472 6.07768 2.14621
2.46472 6.07768 2.14621
2.46472 6.07768 2.14621
2.46472 6.07768 2.14621
2.46472 6.07768 2.14621
2.46472 6.07768 2.14621
2.46472 6.07768 2.14621
2.46472 6.07768 2.14621
2.46472 6.07768 2.14621
2.46472 6.07768 2.14621
2.46472 6.07768 2.14621
2.46472 6.07768 2.14621
2.46472 6.07768 2.14621
2.46472 6.07768 2.14621
2.46472 6.07768 2.14621
2.46472 6.07768 2.14621
2.46472 6.07768 2.14621
2.46472 6.07768 2.14621
2.46472 6.07768 2.14621
2.46472 6.07768 2.14621
2.46472 6.07768 2.14621
2.46472 6.07768 2.14621
2.46472 6.07768 2.14621
2.46472 6.07768 2.14621
2.46472 6.07768 2.14621
2.46472 6.07768 2.14621
2.46472 6.07768 2.14621
2.46472 6.07768 2.14621
2.46472 6.07768 2.14621
2.46472 6.07768 2.14621
2.46472 6.07768 2.14621
2.46471 6.07767 2.1462
2.46471 6.07766 2.1462
2.46471 6.07765 2.14619
2.4647 6.07761 2.14617
2.46469 6.07753 2.14612
2.46466 6.07738 2.14603
2.4646 6.07708 2.14585
2.46447 6.07648 2.1455
2.46423 6.07528 2.14478
2.46374 6.07288 2.14336
2.46277 6.06808 2.14051
2.46082 6.05849 2.13481
2.45692 6.0393 2.12343
2.45692 6.0393 2.12343
2.45302 6.02019 2.1121
2.45302 6.02019 2.1121
2.44912 6.00107 2.10078
2.44912 6.00107 2.10078
2.44522 5.98197 2.08948
2.44522 5.98197 2.08948
2.44132 5.9629 2.07822
2.44132 5.9629 2.07822
2.43742 5.94385 2.06698
2.43742 5.94385 2.06698
2.43351 5.92482 2.05576
2.43351 5.92482 2.05576
2.4296 5.90582 2.04458
2.4296 5.90582 2.04458
2.4257 5.88684 2.03341
2.4257 5.88684 2.03341
2.42179 5.86789 2.02228
2.42179 5.86789 2.02228
2.41788 5.84896 2.01117
2.41788 5.84896 2.01117
2.41396 5.83005 2.00009
2.41396 5.83005 2.00009
2.41005 5.81117 1.98904
2.41005 5.81117 1.98904
2.40614 5.79231 1.97801
2.40614 5.79231 1.97801
2.40222 5.77348 1.96701
2.40222 5.77348 1.96701
2.3983 5.75467 1.95604
2.3983 5.75467 1.95604
2.39438 5.73588 1.9451
2.39438 5.73588 1.9451
2.39046 5.71712 1.93418
2.39046 5.71712 1.93418
2.38654 5.69839 1.92329
2.38654 5.69839 1.92329
2.38262 5.67968 1.91242
2.38262 5.67968 1.91242
2.3787 5.66099 1.90158
2.3787 5.66099 1.90158
2.37477 5.64233 1.89077
2.37477 5.64233 1.89077
2.37084 5.62369 1.87999
2.37084 5.62369 1.87999
2.36692 5.60507 1.86923
2.36692 5.60507 1.86923
2.36299 5.58648 1.8585
2.36299 5.58648 1.8585
2.35906 5.56792 1.8478
2.35906 5.56792 1.8478
2.35512 5.54938 1.83713
2.35512 5.54938 1.83713
2.35119 5.53086 1.82648
2.35119 5.53086 1.82648
2.34726 5.51237 1.81586
2.34726 5.51237 1.81586
2.34332 5.4939 1.80527
2.34332 5.4939 1.80527
2.33938 5.47546 1.7947
2.33938 5.47546 1.7947
2.33544 5.45705 1.78417
2.33544 5.45705 1.78417
2.3315 5.43865 1.77366
2.3315 5.43865 1.77366
2.32756 5.42029 1.76317
2.32756 5.42029 1.76317
2.32362 5.40194 1.75272
2.32362 5.40194 1.75272
2.31967 5.38363 1.74229
2.31573 5.3653 1.73187
2.31573 5.3653 1.73187
2.31178 5.34707 1.72152
2.30784 5.32879 1.71116
2.30784 5.32879 1.71116
2.30388 5.31061 1.70086
2.29994 5.29238 1.69055
2.29994 5.29238 1.69055
2.29598 5.27425 1.6803
2.29203 5.25607 1.67006
2.29203 5.25607 1.67006
2.28807 5.23799 1.65987
2.28412 5.21986 1.64967
2.28412 5.21986 1.64967
2.28016 5.20183 1.63954
2.2762 5.18376 1.6294
2.2762 5.18376 1.6294
2.27224 5.16577 1.61932
2.26828 5.14775 1.60924
2.26828 5.14775 1.60924
2.26432 5.12981 1.59922
2.26035 5.11184 1.58919
2.26035 5.11184 1.58919
2.25639 5.09396 1.57922
2.25242 5.07604 1.56926
2.25242 5.07604 1.56926
2.24845 5.05821 1.55935
2.24449 5.04034 1.54943
2.24449 5.04034 1.54943
2.24051 5.02256 1.53958
2.23654 5.00474 1.52972
2.23654 5.00474 1.52972
2.23257 4.98701 1.51992
2.22859 4.96924 1.51013
2.22859 4.96924 1.51013
2.22462 4.95156 1.50038
2.22064 4.93385 1.49064
2.22064 4.93385 1.49064
2.21666 4.91622 1.48096
2.21268 4.89856 1.47127
2.21268 4.89856 1.47127
2.2087 4.88098 1.46164
2.20472 4.86337 1.45202
2.20472 4.86337 1.45202
2.20073 4.84584 1.44245
2.19675 4.82829 1.43287
2.19675 4.82829 1.43287
2.19276 4.81081 1.42336
2.18878 4.79331 1.41385
2.18878 4.79331 1.41385
2.18479 4.77588 1.40439
2.1808 4.75843 1.39494
2.1808 4.75843 1.39494
2.1768 4.74106 1.38554
2.17281 4.72366 1.37614
2.17281 4.72366 1.37614
2.16882 4.70634 1.3668
2.16482 4.68899 1.35746
2.16482 4.68899 1.35746
2.16082 4.67173 1.34817
2.15683 4.65443 1.33889
2.15683 4.65443 1.33889
2.15283 4.63722 1.32966
2.14883 4.61998 1.32044
2.14883 4.61998 1.32044
2.14482 4.60282 1.31127
2.14082 4.58563 1.3021
2.14082 4.58563 1.3021
2.13681 4.56852 1.29299
2.13281 4.55138 1.28389
2.13281 4.55138 1.28389
2.1288 4.53433 1.27483
2.12479 4.51724 1.26578
2.12479 4.51724 1.26578
2.12078 4.50024 1.25679
2.11677 4.48321 1.2478
2.11677 4.48321 1.2478
2.11276 4.46626 1.23886
2.10874 4.44929 1.22993
2.10874 4.44929 1.22993
2.10473 4.43239 1.22105
2.10071 4.41547 1.21218
2.10071 4.41547 1.21218
2.09669 4.39862 1.20336
2.09268 4.38176 1.19455
2.09268 4.38176 1.19455
2.08865 4.36497 1.18579
2.08463 4.34815 1.17703
2.08463 4.34815 1.17703
2.08061 4.33142 1.16833
2.07659 4.31466 1.15964
2.07659 4.31466 1.15964
2.07256 4.29797 1.15099
2.06853 4.28127 1.14236
2.06853 4.28127 1.14236
2.0645 4.26464 1.13378
2.06048 4.24799 1.1252
2.06048 4.24799 1.1252
2.05644 4.23141 1.11668
2.05241 4.21482 1.10816
2.05241 4.21482 1.10816
2.04838 4.1983 1.09969
2.04435 4.18176 1.09124
2.04435 4.18176 1.09124
2.04031 4.16529 1.08283
2.03627 4.1488 1.07444
2.03627 4.1488 1.07444
2.03223 4.13239 1.06609
2.02819 4.11596 1.05775
2.02819 4.11596 1.05775
2.02415 4.0996 1.04947
2.02011 4.08323 1.04119
2.02011 4.08323 1.04119
2.01607 4.06692 1.03297
2.01202 4.0506 1.02475
2.01202 4.0506 1.02475
2.00798 4.03435 1.01659
2.00393 4.01809 1.00843
2.00393 4.01809 1.00843
1.99988 4.0019 1.00032
1.99583 3.98568 0.992228
1.99583 3.98568 0.992228
1.99178 3.96955 0.984185
1.98773 3.95339 0.976149
1.98773 3.95339 0.976149
1.98367 3.93731 0.968166
1.97962 3.92121 0.960191
1.97962 3.92121 0.960191
1.97556 3.90519 0.952269
1.9715 3.88914 0.944355
1.9715 3.88914 0.944355
1.96744 3.87317 0.936493
1.96338 3.85718 0.928641
1.96338 3.85718 0.928641
1.95932 3.84127 0.92084
1.95526 3.82534 0.913049
1.95526 3.82534 0.913049
1.9512 3.80948 0.905309
1.94713 3.7936 0.897579
1.94713 3.7936 0.897579
1.94306 3.7778 0.8899
1.939 3.76198 0.882232
1.939 3.76198 0.882232
1.93493 3.74624 0.874615
1.93086 3.73047 0.867008
1.93086 3.73047 0.867008
1.92679 3.71478 0.859452
1.92271 3.69908 0.851907
1.92271 3.69908 0.851907
1.91864 3.68345 0.844413
1.91456 3.6678 0.83693
1.91456 3.6678 0.83693
1.91049 3.65222 0.829497
1.90641 3.63663 0.822076
1.90641 3.63663 0.822076
1.90233 3.62111 0.814705
1.89825 3.60557 0.807346
1.89825 3.60557 0.807346
1.89417 3.59011 0.800037
1.89009 3.57463 0.79274
1.89009 3.57463 0.79274
1.886 3.55923 0.785494
1.88192 3.54381 0.778259
1.88192 3.54381 0.778259
1.87783 3.52846 0.771075
1.87374 3.5131 0.763903
1.87374 3.5131 0.763903
1.86965 3.4978 0.756781
1.86556 3.4825 0.749672
1.86556 3.4825 0.749672
1.86147 3.46726 0.742612
1.85738 3.45202 0.735566
1.85738 3.45202 0.735566
1.85328 3.43684 0.728569
1.84919 3.42165 0.721585
1.84919 3.42165 0.721585
1.84509 3.40653 0.714651
1.841 3.3914 0.707731
1.841 3.3914 0.707731
1.8369 3.37634 0.700859
1.8328 3.36127 0.694002
1.8328 3.36127 0.694002
1.82869 3.34627 0.687194
1.82459 3.33125 0.6804
1.82459 3.33125 0.6804
1.82049 3.31631 0.673655
1.81638 3.30135 0.666924
1.81638 3.30135 0.666924
1.81228 3.28647 0.660242
1.80817 3.27157 0.653575
1.80817 3.27157 0.653575
1.80406 3.25674 0.646957
1.79995 3.2419 0.640354
1.79995 3.2419 0.640354
1.79584 3.22713 0.633799
1.79173 3.21235 0.627259
1.79173 3.21235 0.627259
1.78761 3.19764 0.620768
1.7835 3.18292 0.614293
1.7835 3.18292 0.614293
1.77938 3.16827 0.607865
1.77527 3.15361 0.601454
1.77527 3.15361 0.601454
1.77115 3.13902 0.59509
1.76703 3.12441 0.588743
1.76703 3.12441 0.588743
1.76291 3.10988 0.582443
1.75879 3.09534 0.57616
1.75879 3.09534 0.57616
1.75466 3.08086 0.569925
1.75054 3.06638 0.563707
1.75054 3.06638 0.563707
1.74641 3.05197 0.557536
1.74229 3.03754 0.551382
1.74229 3.03754 0.551382
1.73816 3.02319 0.545275
1.73403 3.00883 0.539186
1.73403 3.00883 0.539186
1.7299 2.99453 0.533144
1.72577 2.98023 0.52712
1.72577 2.98023 0.52712
1.72163 2.96599 0.521143
1.7175 2.95175 0.515183
1.7175 2.95175 0.515183
1.71336 2.93757 0.509271
1.70923 2.92339 0.503377
1.70923 2.92339 0.503377
1.70509 2.90927 0.497529
1.70095 2.89515 0.4917
1.70095 2.89515 0.4917
1.69681 2.8811 0.485918
1.69267 2.86703 0.480154
1.69267 2.86703 0.480154
1.68853 2.85304 0.474437
1.68439 2.83904 0.468738
1.68439 2.83904 0.468738
1.68024 2.8251 0.463087
1.67609 2.81116 0.457454
1.67609 2.81116 0.457454
1.67195 2.79729 0.451867
1.6678 2.78341 0.446301
1.6678 2.78341 0.446301
1.66365 2.7696 0.44078
1.6595 2.75578 0.435279
1.6595 2.75578 0.435279
1.65535 2.74203 0.429823
1.65119 2.72827 0.424388
1.65119 2.72827 0.424388
1.64704 2.71458 0.418999
1.64289 2.70088 0.41363
1.64289 2.70088 0.41363
1.63873 2.68725 0.408307
1.63457 2.67362 0.403004
1.63457 2.67362 0.403004
1.63041 2.66005 0.397747
1.62625 2.64648 0.39251
1.62625 2.64648 0.39251
1.62209 2.63297 0.387319
1.61793 2.61946 0.382149
1.61793 2.61946 0.382149
1.61377 2.60602 0.377024
1.6096 2.59257 0.371921
1.6096 2.59257 0.371921
1.60544 2.57919 0.366863
1.60127 2.5658 0.361826
1.59294 2.53907 0.351836
1.58877 2.5258 0.346908
1.58459 2.51259 0.342024
1.58459 2.51259 0.342024
1.58042 2.49938 0.33716
1.57625 2.48621 0.332333
1.5679 2.45989 0.322758
1.5679 2.45989 0.322758
1.55954 2.4338 0.313351
1.55954 2.4338 0.313351
1.55536 2.42075 0.308683
1.55118 2.40776 0.304056
1.54282 2.38181 0.294884
1.53864 2.36892 0.290361
1.53445 2.35609 0.285878
1.53445 2.35609 0.285878
1.53026 2.34325 0.281418
1.52608 2.33046 0.276996
1.5177 2.30489 0.268231
1.5177 2.30489 0.268231
1.50932 2.27955 0.259633
1.50932 2.27955 0.259633
1.50512 2.26689 0.255373
1.50093 2.25428 0.251152
1.49254 2.22909 0.242796
1.48834 2.21658 0.23868
1.48414 2.20413 0.234605
1.48414 2.20413 0.234605
1.47995 2.19167 0.230554
1.47575 2.17926 0.22654
1.46734 2.15446 0.218595
1.46734 2.15446 0.218595
1.45893 2.12988 0.210815
1.45893 2.12988 0.210815
1.45473 2.11761 0.206966
1.45052 2.10538 0.203157
1.44211 2.08097 0.195626
1.44211 2.08097 0.195626
1.43368 2.05678 0.188259
1.43368 2.05678 0.188259
1.42947 2.0447 0.184617
1.42526 2.03267 0.181015
1.41683 2.00864 0.1739
1.41683 2.00864 0.1739
1.40839 1.98484 0.166947
1.40839 1.98484 0.166947
1.40418 1.97296 0.163513
1.39996 1.96112 0.16012
1.39152 1.93749 0.153422
1.39152 1.93749 0.153422
1.38307 1.91408 0.146885
1.38307 1.91408 0.146885
1.37884 1.90244 0.143674
1.37884 1.90244 0.143674
1.37673 1.89662 0.142078
1.37461 1.89081 0.140492
1.37039 1.8792 0.137339
1.36193 1.85598 0.13112
1.36193 1.85598 0.13112
1.35347 1.833 0.125067
1.35347 1.833 0.125067
1.34924 1.8216 0.122101
1.34924 1.8216 0.122101
1.34712 1.8159 0.120628
1.345 1.81021 0.119165
1.345 1.81021 0.119165
1.34289 1.80451 0.117708
1.33865 1.79313 0.114816
1.33018 1.7704 0.109124
1.33018 1.7704 0.109124
1.32171 1.74793 0.103599
1.32171 1.74793 0.103599
1.31747 1.73678 0.100897
1.31747 1.73678 0.100897
1.31534 1.7312 0.0995573
1.31534 1.7312 0.0995573
1.31534 1.7312 0.0995573
1.31534 1.7312 0.0995573
1.31508 1.73048 0.099384
1.31482 1.72979 0.0992189
1.31428 1.7284 0.0988856
1.31322 1.72561 0.0982193
1.3111 1.72003 0.096893
1.30686 1.70889 0.0942653
1.30686 1.70889 0.0942653
1.30262 1.69785 0.0916846
1.30262 1.69785 0.0916846
1.29837 1.6868 0.0891317
1.29837 1.6868 0.0891317
1.29413 1.67578 0.086614
1.29413 1.67578 0.086614
1.28988 1.6648 0.0841318
1.28988 1.6648 0.0841318
1.28563 1.65385 0.0816851
1.28563 1.65385 0.0816851
1.28139 1.64293 0.0792739
1.28139 1.64293 0.0792739
1.27714 1.63205 0.0768983
1.27714 1.63205 0.0768983
1.27289 1.6212 0.0745583
1.27289 1.6212 0.0745583
1.26864 1.61038 0.0722539
1.26864 1.61038 0.0722539
1.26438 1.5996 0.0699851
1.26438 1.5996 0.0699851
1.26013 1.58885 0.067752
1.26013 1.58885 0.067752
1.25588 1.57813 0.0655546
1.25588 1.57813 0.0655546
1.25162 1.56745 0.063393
1.25162 1.56745 0.063393
1.24737 1.5568 0.061267
1.24737 1.5568 0.061267
1.24311 1.54619 0.0591769
1.24311 1.54619 0.0591769
1.23885 1.5356 0.0571225
1.23885 1.5356 0.0571225
1.23459 1.52506 0.055104
1.23459 1.52506 0.055104
1.23033 1.51454 0.0531213
1.23033 1.51454 0.0531213
1.22607 1.50407 0.0511745
1.22607 1.50407 0.0511745
1.22181 1.49362 0.0492636
1.22181 1.49362 0.0492636
1.21755 1.48321 0.0473886
1.21755 1.48321 0.0473886
1.21328 1.47283 0.0455496
1.21328 1.47283 0.0455496
1.20902 1.46249 0.0437466
1.20902 1.46249 0.0437466
1.20475 1.45218 0.0419796
1.20475 1.45218 0.0419796
1.20048 1.4419 0.0402486
1.20048 1.4419 0.0402486
1.19622 1.43166 0.0385537
1.19622 1.43166 0.0385537
1.19195 1.42145 0.0368949
1.19195 1.42145 0.0368949
1.18768 1.41128 0.0352722
1.18768 1.41128 0.0352722
1.18341 1.40114 0.0336856
1.18341 1.40114 0.0336856
1.17914 1.39104 0.0321352
1.17914 1.39104 0.0321352
1.17487 1.38096 0.030621
1.17487 1.38096 0.030621
1.17059 1.37093 0.029143
1.17059 1.37093 0.029143
1.16632 1.36093 0.0277012
1.16632 1.36093 0.0277012
1.16204 1.35096 0.0262957
1.16204 1.35096 0.0262957
1.15777 1.34102 0.0249265
1.15777 1.34102 0.0249265
1.15349 1.33113 0.0235936
1.15349 1.33113 0.0235936
1.14921 1.32126 0.022297
1.14921 1.32126 0.022297
1.14493 1.31143 0.0210368
1.14493 1.31143 0.0210368
1.14065 1.30163 0.019813
1.14065 1.30163 0.019813
1.13637 1.29187 0.0186256
1.13637 1.29187 0.0186256
1.13209 1.28215 0.0174747
1.13209 1.28215 0.0174747
1.12781 1.27245 0.0163602
1.12781 1.27245 0.0163602
1.12353 1.2628 0.0152822
1.12353 1.2628 0.0152822
1.11924 1.25317 0.0142407
1.11924 1.25317 0.0142407
1.11496 1.24358 0.0132358
1.11496 1.24358 0.0132358
1.11067 1.23403 0.0122674
1.11067 1.23403 0.0122674
1.10638 1.22451 0.0113356
1.10638 1.22451 0.0113356
1.1021 1.21503 0.0104404
1.1021 1.21503 0.0104404
1.09781 1.20558 0.00958184
1.09781 1.20558 0.00958184
1.09352 1.19616 0.00875995
1.09352 1.19616 0.00875995
1.08923 1.18678 0.00797474
1.08923 1.18678 0.00797474
1.08494 1.17743 0.00722624
1.08494 1.17743 0.00722624
1.08065 1.16812 0.00651447
1.08065 1.16812 0.00651447
1.07635 1.15885 0.00583946
1.07635 1.15885 0.00583946
1.07206 1.14961 0.00520122
1.07206 1.14961 0.00520122
1.06776 1.1404 0.00459979
1.06776 1.1404 0.00459979
1.06347 1.13123 0.00403518
1.06347 1.13123 0.00403518
1.05917 1.12209 0.00350743
1.05917 1.12209 0.00350743
1.05488 1.11299 0.00301654
1.05488 1.11299 0.00301654
1.05058 1.10392 0.00256256
1.05058 1.10392 0.00256256
1.04628 1.09489 0.00214549
1.04628 1.09489 0.00214549
1.04198 1.0859 0.00176537
1.04198 1.0859 0.00176537
1.03768 1.07694 0.00142221
1.03768 1.07694 0.00142221
1.03338 1.06801 0.00111605
1.03338 1.06801 0.00111605
1.02907 1.05912 0.000846896
1.02907 1.05912 0.000846896
1.02477 1.05026 0.00061478
1.02477 1.05026 0.00061478
1.02047 1.04144 0.000419724
1.02047 1.04144 0.000419724
1.01616 1.03266 0.00026175
1.01616 1.03266 0.00026175
1.01186 1.02391 0.000140882
1.01186 1.02391 0.000140882
1.00755 1.01519 5.7141e-05
1.00755 1.01519 5.7141e-05
1.00324 1.00651 1.05435e-05
1.00324 1.00651 1.05435e-05
1.00095 1.00191 9.05024e-07
1.00095 1.00191 9.05024e-07
1.00018 1.00037 3.39364e-08
1.00004 1.00007 1.30005e-09
1.00001 1.00002 1.47907e-10
0.999991 0.999983 7.3482e-11
1 1 3.1129e-14
1 1 4.20614e-17
1 1 1.51966e-19
1 1 6.20759e-23
1 1 1.04327e-28
