# Rmax = 2
0.02099 0.0205528 0.020554
0.04098 0.0393262 0.0393346
0.06097 0.0573364 0.0573637
0.08096 0.0746009 0.0746638
0.10095 0.0911363 0.0912566
0.12094 0.106959 0.107163
0.14093 0.122086 0.122405
0.16092 0.136533 0.137001
0.18091 0.150315 0.150971
0.2009 0.163448 0.164335
0.22089 0.175947 0.177111
0.24088 0.187828 0.189316
0.26087 0.199103 0.200969
0.28086 0.209789 0.212087
0.30085 0.219899 0.222686
0.32084 0.229446 0.232782
0.34083 0.238445 0.242391
0.36082 0.246908 0.251529
0.38081 0.25485 0.26021
0.4008 0.262281 0.268449
0.42079 0.269216 0.27626
0.44078 0.275667 0.283657
0.46077 0.281645 0.290653
0.48076 0.287163 0.29726
0.50075 0.292232 0.303493
0.52074 0.296864 0.309362
0.54073 0.30107 0.31488
0.56072 0.304861 0.320058
0.58071 0.308248 0.324908
0.6007 0.311242 0.32944
0.62069 0.313852 0.333666
0.64068 0.31609 0.337596
0.66067 0.317965 0.341239
0.68066 0.319487 0.344606
0.70065 0.320666 0.347706
0.72064 0.321511 0.350549
0.74063 0.322032 0.353142
0.76062 0.322237 0.355496
0.78061 0.322136 0.357618
0.8006 0.321737 0.359517
0.82059 0.321049 0.361201
0.84058 0.320081 0.362677
0.86057 0.31884 0.363953
0.88056 0.317335 0.365037
0.90055 0.315574 0.365935
0.92054 0.313564 0.366655
0.94053 0.311313 0.367203
0.96052 0.308829 0.367585
0.98051 0.306118 0.367809
1.0005 0.303189 0.367879
1.02049 0.300048 0.367803
1.04048 0.296702 0.367586
1.06047 0.293157 0.367233
1.08046 0.289421 0.366751
1.10045 0.2855 0.366143
1.12044 0.281399 0.365416
1.14043 0.277127 0.364574
1.16042 0.272687 0.363623
1.18041 0.268087 0.362566
1.2004 0.263333 0.361409
1.22039 0.258429 0.360155
1.24038 0.253382 0.35881
1.26037 0.248197 0.357377
1.28036 0.242879 0.35586
1.30035 0.237434 0.354263
1.32034 0.231867 0.35259
1.34033 0.226183 0.350844
1.36032 0.220386 0.349029
1.38031 0.214482 0.347149
1.4003 0.208475 0.345206
1.42029 0.20237 0.343204
1.44028 0.196171 0.341147
1.46027 0.189883 0.339036
1.48026 0.18351 0.336875
1.50025 0.177056 0.334667
1.52024 0.170526 0.332415
1.54023 0.163923 0.33012
1.56022 0.157251 0.327786
1.58021 0.150514 0.325416
1.6002 0.143717 0.32301
1.62019 0.136862 0.320573
1.64018 0.129953 0.318105
1.66017 0.122994 0.315609
1.68016 0.115987 0.313088
1.70015 0.108938 0.310543
1.72014 0.101848 0.307976
1.74013 0.0947203 0.305389
1.76012 0.087559 0.302783
1.78011 0.0803666 0.300161
1.8001 0.0731463 0.297525
1.82009 0.0659007 0.294875
1.84008 0.0586328 0.292213
1.86007 0.0513453 0.289542
1.88006 0.0440408 0.286861
1.90005 0.036722 0.284174
1.92004 0.0293915 0.28148
1.94003 0.0220516 0.278782
1.96002 0.0147048 0.27608
1.98001 0.00735353 0.273376
2 -1.83285e-13 0.270671


# Rmax = 4
0.04099 0.0393434 0.0393438
0.08098 0.0746778 0.0746807
0.12097 0.107177 0.107187
0.16096 0.137008 0.137029
0.20095 0.164328 0.164368
0.24094 0.189285 0.189352
0.28093 0.212022 0.212125
0.32092 0.232672 0.232821
0.36091 0.251362 0.251569
0.4009 0.268212 0.26849
0.44089 0.283337 0.283697
0.48088 0.296843 0.297299
0.52087 0.308834 0.309399
0.56086 0.319405 0.320093
0.60085 0.328649 0.329473
0.64084 0.33665 0.337626
0.68083 0.343491 0.344634
0.72082 0.349249 0.350573
0.76081 0.353996 0.355517
0.8008 0.357803 0.359535
0.84079 0.360733 0.362691
0.88078 0.362848 0.365048
0.92077 0.364206 0.366662
0.96076 0.364862 0.367589
1.00075 0.364867 0.367879
1.04074 0.364269 0.367582
1.08073 0.363115 0.366743
1.12072 0.361447 0.365405
1.16071 0.359306 0.363608
1.2007 0.35673 0.361391
1.24069 0.353755 0.358788
1.28068 0.350415 0.355835
1.32067 0.346741 0.352561
1.36066 0.342763 0.348998
1.40065 0.338509 0.345172
1.44064 0.334006 0.341109
1.48063 0.329276 0.336835
1.52062 0.324345 0.332372
1.56061 0.319232 0.32774
1.6006 0.313959 0.322962
1.64059 0.308543 0.318054
1.68058 0.303002 0.313035
1.72057 0.297354 0.30792
1.76056 0.291611 0.302726
1.80055 0.28579 0.297465
1.84054 0.279903 0.292152
1.88053 0.273962 0.286798
1.92052 0.267978 0.281415
1.96051 0.261962 0.276014
2.0005 0.255924 0.270603
2.04049 0.249872 0.265192
2.08048 0.243815 0.25979
2.12047 0.237759 0.254404
2.16046 0.231713 0.249041
2.20045 0.225681 0.243707
2.24044 0.21967 0.238409
2.28043 0.213685 0.233152
2.32042 0.207731 0.22794
2.36041 0.201811 0.222779
2.4004 0.19593 0.217672
2.44039 0.190091 0.212624
2.48038 0.184296 0.207636
2.52037 0.178548 0.202713
2.56036 0.17285 0.197857
2.60035 0.167203 0.19307
2.64034 0.161609 0.188354
2.68033 0.156068 0.183711
2.72032 0.150583 0.179143
2.76031 0.145153 0.174651
2.8003 0.13978 0.170235
2.84029 0.134463 0.165898
2.88028 0.129202 0.161639
2.92027 0.123998 0.157458
2.96026 0.118849 0.153358
3.00025 0.113756 0.149336
3.04024 0.108717 0.145395
3.08023 0.103732 0.141533
3.12022 0.0987993 0.13775
3.16021 0.0939182 0.134046
3.2002 0.0890872 0.130421
3.24019 0.0843049 0.126874
3.28018 0.0795696 0.123405
3.32017 0.0748797 0.120013
3.36016 0.0702334 0.116697
3.40015 0.0656289 0.113457
3.44014 0.061064 0.110292
3.48013 0.0565367 0.1072
3.52012 0.0520448 0.104181
3.56011 0.0475861 0.101234
3.6001 0.0431582 0.0983583
3.64009 0.0387587 0.0955523
3.68008 0.034385 0.0928151
3.72007 0.0300345 0.0901457
3.76006 0.0257047 0.087543
3.80005 0.0213927 0.0850058
3.84004 0.0170957 0.082533
3.88003 0.012811 0.0801234
3.92002 0.00853546 0.0777759
3.96001 0.00426616 0.0754894
4 -3.01468e-13 0.0732626


# Rmax = 6
0.06099 0.0573812 0.0573814
0.12098 0.107194 0.107195
0.18097 0.151011 0.151012
0.24096 0.189361 0.189364
0.30095 0.222732 0.222738
0.36094 0.251573 0.251583
0.42093 0.2763 0.276314
0.48092 0.297292 0.297312
0.54091 0.3149 0.314928
0.6009 0.329448 0.329484
0.66089 0.341232 0.341278
0.72088 0.350524 0.350581
0.78087 0.357573 0.357644
0.84086 0.362611 0.362696
0.90085 0.365846 0.365947
0.96084 0.367471 0.36759
1.02083 0.367663 0.367801
1.08082 0.366583 0.366741
1.14081 0.364378 0.364557
1.2008 0.361182 0.361385
1.26079 0.357119 0.357346
1.32078 0.352299 0.352552
1.38077 0.346825 0.347105
1.44076 0.340788 0.341097
1.50075 0.334273 0.334612
1.56074 0.327355 0.327725
1.62073 0.320104 0.320506
1.68072 0.312581 0.313017
1.74071 0.304842 0.305313
1.8007 0.296937 0.297445
1.86069 0.288913 0.289459
1.92068 0.280808 0.281394
1.98067 0.27266 0.273286
2.04066 0.264501 0.265169
2.10065 0.256359 0.257071
2.16064 0.24826 0.249017
2.22063 0.240226 0.241029
2.28062 0.232276 0.233127
2.34061 0.224428 0.225328
2.4006 0.216695 0.217647
2.46059 0.209092 0.210096
2.52058 0.201628 0.202687
2.58057 0.194313 0.195429
2.64056 0.187154 0.188328
2.70055 0.180158 0.181392
2.76054 0.173328 0.174625
2.82053 0.16667 0.168031
2.88052 0.160185 0.161613
2.94051 0.153875 0.155373
3.0005 0.147742 0.149311
3.06049 0.141785 0.143429
3.12048 0.136004 0.137725
3.18047 0.130398 0.1322
3.24046 0.124965 0.126851
3.30045 0.119704 0.121676
3.36044 0.114612 0.116674
3.42043 0.109687 0.111842
3.48042 0.104925 0.107178
3.54041 0.100322 0.102677
3.6004 0.0958768 0.098337
3.66039 0.091584 0.0941543
3.72038 0.0874403 0.0901253
3.78037 0.0834416 0.0862463
3.84036 0.0795839 0.0825135
3.90035 0.075863 0.0789229
3.96034 0.0722748 0.0754707
4.02033 0.0688149 0.072153
4.08032 0.0654791 0.0689658
4.14031 0.0622632 0.0659051
4.2003 0.0591627 0.062967
4.26029 0.0561734 0.0601477
4.32028 0.0532912 0.0574431
4.38027 0.0505116 0.0548496
4.44026 0.0478306 0.0523634
4.50025 0.0452439 0.0499808
4.56024 0.0427475 0.0476981
4.62023 0.0403372 0.0455117
4.68022 0.038009 0.0434183
4.74021 0.0357589 0.0414143
4.8002 0.0335831 0.0394965
4.86019 0.0314776 0.0376617
4.92018 0.0294386 0.0359066
4.98017 0.0274624 0.0342282
5.04016 0.0255451 0.0326235
5.10015 0.0236832 0.0310897
5.16014 0.021873 0.0296238
5.22013 0.0201108 0.0282233
5.28012 0.0183932 0.0268854
5.34011 0.0167166 0.0256077
5.4001 0.0150776 0.0243875
5.46009 0.0134727 0.0232227
5.52008 0.0118984 0.0221108
5.58007 0.0103514 0.0210497
5.64006 0.00882816 0.0200372
5.70005 0.00732543 0.0190712
5.76004 0.00583977 0.0181498
5.82003 0.00436781 0.017271
5.88002 0.00290613 0.0164331
5.94001 0.00145134 0.0156341
6 8.89949e-13 0.0148725


# Rmax = 8
0.08099 0.0746891 0.0746892
0.16098 0.137044 0.137044
0.24097 0.18937 0.18937
0.32096 0.232841 0.232841
0.40095 0.268509 0.26851
0.48094 0.297317 0.297318
0.56093 0.320109 0.32011
0.64092 0.33764 0.337641
0.72091 0.350583 0.350585
0.8009 0.359541 0.359544
0.88089 0.365049 0.365053
0.96088 0.367586 0.36759
1.04087 0.367575 0.36758
1.12086 0.365393 0.3654
1.20085 0.361374 0.361382
1.28084 0.355814 0.355822
1.36083 0.348972 0.348982
1.44082 0.341079 0.34109
1.52081 0.332337 0.33235
1.6008 0.322924 0.322937
1.68079 0.312993 0.313008
1.76078 0.30268 0.302697
1.84077 0.292103 0.292121
1.92076 0.281362 0.281383
2.00075 0.270547 0.270569
2.08074 0.259731 0.259755
2.16073 0.248978 0.249005
2.24072 0.238343 0.238372
2.32071 0.227872 0.227903
2.4007 0.217601 0.217634
2.48069 0.207562 0.207598
2.56068 0.19778 0.197818
2.64067 0.188275 0.188315
2.72066 0.179061 0.179105
2.80065 0.170151 0.170197
2.88064 0.161551 0.161601
2.96063 0.153267 0.15332
3.04062 0.145302 0.145358
3.12061 0.137654 0.137713
3.2006 0.130322 0.130385
3.28059 0.123303 0.12337
3.36058 0.116592 0.116663
3.44057 0.110182 0.110258
3.52056 0.104068 0.104148
3.60055 0.0982413 0.0983263
3.68054 0.0926939 0.0927841
3.76053 0.0874173 0.0875128
3.84052 0.0824025 0.0825037
3.92051 0.0776403 0.0777475
4.0005 0.0731214 0.0732351
4.08049 0.0688365 0.0689569
4.16048 0.0647761 0.0649038
4.24047 0.0609309 0.0610663
4.32046 0.0572918 0.0574352
4.40045 0.0538494 0.0540015
4.48044 0.0505951 0.0507563
4.56043 0.0475199 0.047691
4.64042 0.0446155 0.044797
4.72041 0.0418735 0.042066
4.8004 0.039286 0.0394903
4.88039 0.036845 0.0370619
4.96038 0.0345433 0.0347736
5.04037 0.0323734 0.032618
5.12036 0.0303285 0.0305884
5.20035 0.0284019 0.028678
5.28034 0.0265871 0.0268806
5.36033 0.024878 0.0251901
5.44032 0.0232688 0.0236006
5.52031 0.0217537 0.0221067
5.6003 0.0203273 0.0207029
5.68029 0.0189846 0.0193844
5.76028 0.0177206 0.0181462
5.84027 0.0165306 0.0169838
5.92026 0.0154102 0.015893
6.00025 0.0143551 0.0148694
6.08024 0.0133612 0.0139093
6.16023 0.0124248 0.013009
6.24022 0.011542 0.0121649
6.32021 0.0107094 0.0113736
6.4002 0.00992365 0.0106322
6.48019 0.00918157 0.0099375
6.56018 0.00848012 0.00928679
6.64017 0.00781639 0.00867741
6.72016 0.00718762 0.00810683
6.80015 0.00659116 0.0075727
6.88014 0.00602447 0.00707278
6.96013 0.00548513 0.00660498
7.04012 0.00497081 0.0061673
7.12011 0.00447926 0.00575787
7.2001 0.00400833 0.00537495
7.28009 0.00355592 0.00501688
7.36008 0.00312002 0.0046821
7.44007 0.00269866 0.00436914
7.52006 0.00228993 0.00407662
7.60005 0.00189196 0.00380327
7.68004 0.00150291 0.00354784
7.76003 0.00112097 0.00330922
7.84002 0.000744357 0.00308631
7.92001 0.000371291 0.00287812
8 -1.00703e-12 0.0026837


