0.1 -15.3058 -14.8475 -15.764
0.2 -10.6599 -10.5083 -10.8114
0.3 -8.02502 -8.0589 -7.99114
0.4 -6.21357 -6.38319 -6.04395
0.5 -4.85329 -5.13144 -4.57515
0.6 -3.77838 -4.14784 -3.40892
0.7 -2.90041 -3.3493 -2.45151
0.8 -2.16658 -2.68621 -1.64694
0.9 -1.54284 -2.12657 -0.959101
1 -1.00594 -1.64854 -0.36334
1.1 -0.539297 -1.23652 0.157925
1.2 -0.130671 -0.879018 0.617676
1.3 0.22924 -0.567293 1.02577
1.4 0.547662 -0.294554 1.38988
1.5 0.830327 -0.055416 1.71607
1.6 1.08185 0.154461 2.00925
1.7 1.30602 0.338628 2.27341
1.8 1.50595 0.500026 2.51188
1.9 1.68428 0.641117 2.72744
2 1.84321 0.763987 2.92243
2.1 1.98465 0.870413 3.09888
2.2 2.11021 0.961927 3.25849
2.3 2.22132 1.03985 3.40278
2.4 2.31919 1.10535 3.53304
2.5 2.40493 1.15944 3.65042
2.6 2.47946 1.203 3.75593
2.7 2.54365 1.23684 3.85047
2.8 2.59825 1.26166 3.93483
2.9 2.64392 1.2781 4.00973
3 2.68127 1.28673 4.07581
3.1 2.71085 1.28805 4.13366
3.2 2.73315 1.28253 4.18378
3.3 2.74863 1.27059 4.22667
3.4 2.75768 1.25262 4.26274
3.5 2.76068 1.22896 4.2924
3.6 2.75797 1.19994 4.316
3.7 2.74987 1.16585 4.33389
3.8 2.73665 1.12695 4.34636
3.9 2.7186 1.08351 4.35369
4 2.69595 1.03575 4.35615
4.1 2.66892 0.983877 4.35397
4.2 2.63774 0.928097 4.34738
4.3 2.60259 0.868593 4.33659
4.4 2.56366 0.805535 4.32179
4.5 2.52112 0.739083 4.30316
4.6 2.47513 0.669386 4.28087
4.7 2.42583 0.596584 4.25507
4.8 2.37337 0.520808 4.22592
4.9 2.31787 0.44218 4.19355
5 2.25946 0.360815 4.1581
5.1 2.19825 0.276823 4.11967
5.2 2.13435 0.190304 4.0784
5.3 2.06787 0.101355 4.03439
5.4 1.9989 0.0100678 3.98773
5.5 1.92753 -0.0834728 3.93854
5.6 1.85385 -0.179185 3.88689
5.7 1.77794 -0.276993 3.83288
5.8 1.69988 -0.376823 3.77658
5.9 1.61974 -0.478606 3.71809
6 1.53759 -0.582276 3.65746
6.1 1.4535 -0.687771 3.59478
6.2 1.36753 -0.795032 3.5301
6.3 1.27974 -0.904002 3.46349
6.4 1.19019 -1.01463 3.39502
6.5 1.09894 -1.12686 3.32473
6.6 1.00603 -1.24064 3.25269
6.7 0.91151 -1.35593 3.17895
6.8 0.815436 -1.47269 3.10356
6.9 0.71785 -1.59087 3.02657
7 0.618796 -1.71042 2.94801
7.1 0.518315 -1.83132 2.86795
7.2 0.416447 -1.95352 2.78641
7.3 0.31323 -2.07699 2.70345
7.4 0.208701 -2.20169 2.61909
7.5 0.102896 -2.32759 2.53338
7.6 -0.00415248 -2.45466 2.44635
7.7 -0.112411 -2.58286 2.35804
7.8 -0.221849 -2.71218 2.26848
7.9 -0.332436 -2.84257 2.1777
8 -0.444143 -2.97402 2.08573
8.1 -0.556943 -3.10649 1.9926
8.2 -0.670808 -3.23996 1.89835
8.3 -0.785713 -3.37441 1.80299
8.4 -0.901632 -3.50982 1.70655
8.5 -1.01854 -3.64615 1.60907
8.6 -1.13642 -3.7834 1.51056
8.7 -1.25524 -3.92153 1.41104
8.8 -1.37499 -4.06053 1.31055
8.9 -1.49564 -4.20038 1.2091
9 -1.61717 -4.34106 1.10671
9.1 -1.73957 -4.48255 1.00341
9.2 -1.86281 -4.62483 0.899215
9.3 -1.98687 -4.76789 0.794143
9.4 -2.11175 -4.91171 0.688214
9.5 -2.23741 -5.05627 0.581446
9.6 -2.36385 -5.20156 0.473856
9.7 -2.49105 -5.34757 0.365462
9.8 -2.61899 -5.49427 0.25628
9.9 -2.74766 -5.64165 0.146327
