0.1 -15.3058 -14.3164 -16.2951
0.2 -10.6599 -9.90732 -11.4124
0.3 -8.02502 -7.39293 -8.65712
0.4 -6.21357 -5.65469 -6.77246
0.5 -4.85329 -4.34228 -5.3643
0.6 -3.77838 -3.29985 -4.25692
0.7 -2.90041 -2.44436 -3.35646
0.8 -2.16658 -1.72631 -2.60685
0.9 -1.54284 -1.11374 -1.97193
1 -1.00594 -0.584835 -1.42704
1.1 -0.539297 -0.12398 -0.954614
1.2 -0.130671 0.280382 -0.541724
1.3 0.22924 0.637065 -0.178586
1.4 0.547662 0.95295 0.142375
1.5 0.830327 1.23352 0.427137
1.6 1.08185 1.48321 0.680501
1.7 1.30602 1.70566 0.906375
1.8 1.50595 1.90392 1.10798
1.9 1.68428 2.08054 1.28802
2 1.84321 2.23768 1.44874
2.1 1.98465 2.37721 1.59208
2.2 2.11021 2.50073 1.71969
2.3 2.22132 2.60964 1.83299
2.4 2.31919 2.70516 1.93323
2.5 2.40493 2.78836 2.02149
2.6 2.47946 2.8602 2.09873
2.7 2.54365 2.92152 2.16579
2.8 2.59825 2.97308 2.22341
2.9 2.64392 3.01557 2.27227
3 2.68127 3.04958 2.31296
3.1 2.71085 3.07567 2.34603
3.2 2.73315 3.09435 2.37196
3.3 2.74863 3.10607 2.39118
3.4 2.75768 3.11125 2.40411
3.5 2.76068 3.11026 2.4111
3.6 2.75797 3.10347 2.41248
3.7 2.74987 3.09118 2.40855
3.8 2.73665 3.0737 2.3996
3.9 2.7186 3.05131 2.38589
4 2.69595 3.02426 2.36763
4.1 2.66892 2.99279 2.34506
4.2 2.63774 2.95711 2.31837
4.3 2.60259 2.91744 2.28774
4.4 2.56366 2.87397 2.25335
4.5 2.52112 2.82689 2.21536
4.6 2.47513 2.77635 2.1739
4.7 2.42583 2.72253 2.12913
4.8 2.37337 2.66558 2.08115
4.9 2.31787 2.60563 2.0301
5 2.25946 2.54284 1.97607
5.1 2.19825 2.47732 1.91918
5.2 2.13435 2.4092 1.85951
5.3 2.06787 2.33859 1.79715
5.4 1.9989 2.26562 1.73218
5.5 1.92753 2.19039 1.66468
5.6 1.85385 2.11299 1.59471
5.7 1.77794 2.03354 1.52234
5.8 1.69988 1.95213 1.44763
5.9 1.61974 1.86884 1.37064
6 1.53759 1.78377 1.29142
6.1 1.4535 1.697 1.21001
6.2 1.36753 1.60861 1.12646
6.3 1.27974 1.51868 1.04081
6.4 1.19019 1.42728 0.953108
6.5 1.09894 1.33449 0.863387
6.6 1.00603 1.24037 0.771685
6.7 0.91151 1.14498 0.678038
6.8 0.815436 1.04839 0.582481
6.9 0.71785 0.950652 0.485048
7 0.618796 0.851817 0.385775
7.1 0.518315 0.751934 0.284696
7.2 0.416447 0.651048 0.181846
7.3 0.31323 0.549199 0.0772603
7.4 0.208701 0.446426 -0.029024
7.5 0.102896 0.342762 -0.136971
7.6 -0.00415248 0.238237 -0.246542
7.7 -0.112411 0.132879 -0.357701
7.8 -0.221849 0.0267104 -0.470408
7.9 -0.332436 -0.0802454 -0.584627
8 -0.444143 -0.18797 -0.700317
8.1 -0.556943 -0.296445 -0.81744
8.2 -0.670808 -0.405656 -0.935959
8.3 -0.785713 -0.51559 -1.05584
8.4 -0.901632 -0.626232 -1.17703
8.5 -1.01854 -0.737573 -1.29951
8.6 -1.13642 -0.849601 -1.42324
8.7 -1.25524 -0.962307 -1.54818
8.8 -1.37499 -1.07568 -1.6743
8.9 -1.49564 -1.18971 -1.80157
9 -1.61717 -1.3044 -1.92995
9.1 -1.73957 -1.41972 -2.05941
9.2 -1.86281 -1.53569 -2.18993
9.3 -1.98687 -1.65228 -2.32147
9.4 -2.11175 -1.76948 -2.45401
9.5 -2.23741 -1.8873 -2.58753
9.6 -2.36385 -2.00573 -2.72198
9.7 -2.49105 -2.12475 -2.85736
9.8 -2.61899 -2.24436 -2.99363
9.9 -2.74766 -2.36455 -3.13078


0.1 -15.1762 -14.1498 -16.2027
0.2 -10.8017 -10.0621 -11.5413
0.3 -8.30529 -7.726 -8.88458
0.4 -6.57825 -6.107 -7.0495
0.5 -5.27306 -4.88067 -5.66545
0.6 -4.23494 -3.90234 -4.56753
0.7 -3.38131 -3.09469 -3.66793
0.8 -2.66289 -2.41143 -2.91436
0.9 -2.0479 -1.82265 -2.27316
1 -1.51463 -1.30798 -1.72128
1.1 -1.04759 -0.853048 -1.24214
1.2 -0.635359 -0.44748 -0.823238
1.3 -0.269248 -0.0836508 -0.454846
1.4 0.0574869 0.244175 -0.129202
1.5 0.350196 0.540447 0.159946
1.6 0.613192 0.808727 0.417657
1.7 0.850001 1.05196 0.648046
1.8 1.06355 1.27262 0.854475
1.9 1.25627 1.47283 1.03971
2 1.43026 1.65445 1.20606
2.1 1.58726 1.81907 1.35545
2.2 1.7288 1.96809 1.48951
2.3 1.8562 2.10276 1.60965
2.4 1.97061 2.22417 1.71706
2.5 2.07304 2.3333 1.81279
2.6 2.16438 2.431 1.89776
2.7 2.24541 2.51806 1.97276
2.8 2.31684 2.59516 2.03852
2.9 2.37929 2.66293 2.09566
3 2.43334 2.72194 2.14475
3.1 2.47949 2.77269 2.1863
3.2 2.51821 2.81565 2.22077
3.3 2.5499 2.85123 2.24857
3.4 2.57496 2.87984 2.27008
3.5 2.59372 2.9018 2.28564
3.6 2.60652 2.91746 2.29557
3.7 2.61363 2.92711 2.30015
3.8 2.61533 2.93101 2.29965
3.9 2.61187 2.92943 2.2943
4 2.60347 2.9226 2.28433
4.1 2.59035 2.91074 2.26995
4.2 2.5727 2.89405 2.25135
4.3 2.55071 2.87271 2.22871
4.4 2.52454 2.84691 2.20218
4.5 2.49437 2.81681 2.17192
4.6 2.46032 2.78257 2.13808
4.7 2.42255 2.74432 2.10078
4.8 2.38118 2.70221 2.06015
4.9 2.33633 2.65637 2.0163
5 2.28813 2.60692 1.96933
5.1 2.23666 2.55397 1.91936
5.2 2.18205 2.49764 1.86646
5.3 2.12438 2.43803 1.81073
5.4 2.06374 2.37525 1.75224
5.5 2.00023 2.30938 1.69107
5.6 1.93391 2.24053 1.62729
5.7 1.86487 2.16878 1.56095
5.8 1.79317 2.09422 1.49212
5.9 1.71889 2.01694 1.42085
6 1.6421 1.93702 1.34718
6.1 1.56285 1.85454 1.27116
6.2 1.4812 1.76958 1.19282
6.3 1.39721 1.68223 1.1122
6.4 1.31094 1.59255 1.02933
6.5 1.22243 1.50064 0.944218
6.6 1.13173 1.40657 0.85689
6.7 1.03889 1.31042 0.767357
6.8 0.943954 1.21228 0.675627
6.9 0.846964 1.11223 0.5817
7 0.747959 1.01034 0.485574
7.1 0.646981 0.906719 0.387242
7.2 0.544065 0.801437 0.286692
7.3 0.439247 0.694585 0.183908
7.4 0.332561 0.586253 0.0788702
7.5 0.224042 0.476526 -0.0284428
7.6 0.113719 0.365492 -0.138055
7.7 0.00162341 0.253236 -0.249989
7.8 -0.112215 0.13984 -0.364271
7.9 -0.22777 0.0253805 -0.48092
8 -0.345012 -0.0900687 -0.599956
8.1 -0.463918 -0.206442 -0.721394
8.2 -0.58446 -0.323679 -0.845241
8.3 -0.706616 -0.44173 -0.971502
8.4 -0.830362 -0.56055 -1.10017
8.5 -0.955675 -0.680105 -1.23125
8.6 -1.08253 -0.800367 -1.3647
8.7 -1.21092 -0.921316 -1.50052
8.8 -1.34081 -1.04294 -1.63868
8.9 -1.47218 -1.16522 -1.77914
9 -1.60503 -1.28817 -1.92188
9.1 -1.73932 -1.41178 -2.06685
9.2 -1.87504 -1.53605 -2.21402
9.3 -2.01217 -1.661 -2.36335
9.4 -2.1507 -1.78661 -2.51479
9.5 -2.29062 -1.91291 -2.66832
9.6 -2.43189 -2.03989 -2.8239
9.7 -2.57452 -2.16757 -2.98148
9.8 -2.71849 -2.29595 -3.14103
9.9 -2.86378 -2.42503 -3.30253
