
# Surface 0 of 1 surfaces

# Curve title: "f(x,y)"

# Contour 0, label:    9e+04
 4.99973 -5  90000 
 5 -4.99733  90000 

# Contour 1, label: 
-4.99938 -5  90000 
-5 -4.994  90000 


# Contour 2, label:    8e+04
 4.82456 -5  80000 
 4.82867 -4.95984  80000 
 4.83279 -4.91968  80000 
 4.83691 -4.87952  80000 
 4.84104 -4.83936  80000 
 4.84517 -4.7992  80000 
 4.84931 -4.75904  80000 
 4.85346 -4.71888  80000 
 4.85761 -4.67871  80000 
 4.86176 -4.63855  80000 
 4.86593 -4.59839  80000 
 4.8701 -4.55823  80000 
 4.87427 -4.51807  80000 
 4.87845 -4.47791  80000 
 4.88264 -4.43775  80000 
 4.88683 -4.39759  80000 
 4.89103 -4.35743  80000 
 4.89524 -4.31727  80000 
 4.89899 -4.28148  80000 
 4.89942 -4.27711  80000 
 4.90341 -4.23695  80000 
 4.90741 -4.19679  80000 
 4.91141 -4.15663  80000 
 4.91541 -4.11647  80000 
 4.91943 -4.07631  80000 
 4.92344 -4.03614  80000 
 4.92747 -3.99598  80000 
 4.93149 -3.95582  80000 
 4.93553 -3.91566  80000 
 4.93957 -3.8755  80000 
 4.94361 -3.83534  80000 
 4.94766 -3.79518  80000 
 4.95172 -3.75502  80000 
 4.95578 -3.71486  80000 
 4.95985 -3.6747  80000 
 4.96393 -3.63454  80000 
 4.96801 -3.59438  80000 
 4.97209 -3.55422  80000 
 4.97618 -3.51406  80000 
 4.98028 -3.4739  80000 
 4.98438 -3.43373  80000 
 4.98849 -3.39357  80000 
 4.99261 -3.35341  80000 
 4.99673 -3.31325  80000 
 5 -3.28144  80000 

# Contour 3, label: 
-4.82421 -5  80000 
-4.82832 -4.95984  80000 
-4.83244 -4.91968  80000 
-4.83656 -4.87952  80000 
-4.84069 -4.83936  80000 
-4.84482 -4.7992  80000 
-4.84896 -4.75904  80000 
-4.8531 -4.71888  80000 
-4.85725 -4.67871  80000 
-4.86141 -4.63855  80000 
-4.86557 -4.59839  80000 
-4.86974 -4.55823  80000 
-4.87391 -4.51807  80000 
-4.87809 -4.47791  80000 
-4.88228 -4.43775  80000 
-4.88647 -4.39759  80000 
-4.89067 -4.35743  80000 
-4.89487 -4.31727  80000 
-4.89899 -4.27802  80000 
-4.89908 -4.27711  80000 
-4.90307 -4.23695  80000 
-4.90706 -4.19679  80000 
-4.91106 -4.15663  80000 
-4.91507 -4.11647  80000 
-4.91908 -4.07631  80000 
-4.92309 -4.03614  80000 
-4.92712 -3.99598  80000 
-4.93114 -3.95582  80000 
-4.93518 -3.91566  80000 
-4.93922 -3.8755  80000 
-4.94326 -3.83534  80000 
-4.94731 -3.79518  80000 
-4.95137 -3.75502  80000 
-4.95543 -3.71486  80000 
-4.9595 -3.6747  80000 
-4.96357 -3.63454  80000 
-4.96765 -3.59438  80000 
-4.97173 -3.55422  80000 
-4.97582 -3.51406  80000 
-4.97992 -3.4739  80000 
-4.98402 -3.43373  80000 
-4.98813 -3.39357  80000 
-4.99225 -3.35341  80000 
-4.99637 -3.31325  80000 
-5 -3.2779  80000 


# Contour 4, label:    7e+04
 4.6313 -5  70000 
 4.6356 -4.95984  70000 
 4.63991 -4.91968  70000 
 4.64422 -4.87952  70000 
 4.64854 -4.83936  70000 
 4.65287 -4.7992  70000 
 4.6572 -4.75904  70000 
 4.66154 -4.71888  70000 
 4.66589 -4.67871  70000 
 4.67024 -4.63855  70000 
 4.67461 -4.59839  70000 
 4.67897 -4.55823  70000 
 4.68335 -4.51807  70000 
 4.68773 -4.47791  70000 
 4.69212 -4.43775  70000 
 4.69651 -4.39759  70000 
 4.69697 -4.3934  70000 
 4.70069 -4.35743  70000 
 4.70486 -4.31727  70000 
 4.70902 -4.27711  70000 
 4.7132 -4.23695  70000 
 4.71738 -4.19679  70000 
 4.72157 -4.15663  70000 
 4.72576 -4.11647  70000 
 4.72996 -4.07631  70000 
 4.73416 -4.03614  70000 
 4.73838 -3.99598  70000 
 4.7426 -3.95582  70000 
 4.74682 -3.91566  70000 
 4.75105 -3.8755  70000 
 4.75529 -3.83534  70000 
 4.75953 -3.79518  70000 
 4.76378 -3.75502  70000 
 4.76804 -3.71486  70000 
 4.7723 -3.6747  70000 
 4.77658 -3.63454  70000 
 4.78085 -3.59438  70000 
 4.78514 -3.55422  70000 
 4.78943 -3.51406  70000 
 4.79372 -3.4739  70000 
 4.79798 -3.43418  70000 
 4.79802 -3.43373  70000 
 4.80209 -3.39357  70000 
 4.80617 -3.35341  70000 
 4.81025 -3.31325  70000 
 4.81434 -3.27309  70000 
 4.81843 -3.23293  70000 
 4.82253 -3.19277  70000 
 4.82663 -3.15261  70000 
 4.83074 -3.11245  70000 
 4.83486 -3.07229  70000 
 4.83898 -3.03213  70000 
 4.84311 -2.99197  70000 
 4.84725 -2.95181  70000 
 4.85139 -2.91165  70000 
 4.85554 -2.87149  70000 
 4.8597 -2.83133  70000 
 4.86386 -2.79116  70000 
 4.86802 -2.751  70000 
 4.8722 -2.71084  70000 
 4.87638 -2.67068  70000 
 4.88057 -2.63052  70000 
 4.88476 -2.59036  70000 
 4.88896 -2.5502  70000 
 4.89317 -2.51004  70000 
 4.89738 -2.46988  70000 
 4.89899 -2.45453  70000 
 4.90145 -2.42972  70000 
 4.90544 -2.38956  70000 
 4.90943 -2.3494  70000 
 4.91343 -2.30924  70000 
 4.91744 -2.26908  70000 
 4.92145 -2.22892  70000 
 4.92547 -2.18876  70000 
 4.92949 -2.14859  70000 
 4.93352 -2.10843  70000 
 4.93755 -2.06827  70000 
 4.9416 -2.02811  70000 
 4.94564 -1.98795  70000 
 4.9497 -1.94779  70000 
 4.95376 -1.90763  70000 
 4.95782 -1.86747  70000 
 4.96189 -1.82731  70000 
 4.96597 -1.78715  70000 
 4.97006 -1.74699  70000 
 4.97415 -1.70683  70000 
 4.97825 -1.66667  70000 
 4.98235 -1.62651  70000 
 4.98646 -1.58635  70000 
 4.99058 -1.54618  70000 
 4.9947 -1.50602  70000 
 4.99883 -1.46586  70000 
 5 -1.45448  70000 

# Contour 5, label: 
-4.63092 -5  70000 
-4.63522 -4.95984  70000 
-4.63953 -4.91968  70000 
-4.64384 -4.87952  70000 
-4.64816 -4.83936  70000 
-4.65249 -4.7992  70000 
-4.65682 -4.75904  70000 
-4.66116 -4.71888  70000 
-4.66551 -4.67871  70000 
-4.66986 -4.63855  70000 
-4.67422 -4.59839  70000 
-4.67859 -4.55823  70000 
-4.68296 -4.51807  70000 
-4.68734 -4.47791  70000 
-4.69173 -4.43775  70000 
-4.69612 -4.39759  70000 
-4.69697 -4.38985  70000 
-4.70033 -4.35743  70000 
-4.70449 -4.31727  70000 
-4.70865 -4.27711  70000 
-4.71283 -4.23695  70000 
-4.71701 -4.19679  70000 
-4.72119 -4.15663  70000 
-4.72539 -4.11647  70000 
-4.72958 -4.07631  70000 
-4.73379 -4.03614  70000 
-4.738 -3.99598  70000 
-4.74222 -3.95582  70000 
-4.74644 -3.91566  70000 
-4.75067 -3.8755  70000 
-4.75491 -3.83534  70000 
-4.75915 -3.79518  70000 
-4.7634 -3.75502  70000 
-4.76766 -3.71486  70000 
-4.77192 -3.6747  70000 
-4.77619 -3.63454  70000 
-4.78047 -3.59438  70000 
-4.78475 -3.55422  70000 
-4.78904 -3.51406  70000 
-4.79334 -3.4739  70000 
-4.79764 -3.43373  70000 
-4.79798 -3.43055  70000 
-4.80173 -3.39357  70000 
-4.8058 -3.35341  70000 
-4.80988 -3.31325  70000 
-4.81396 -3.27309  70000 
-4.81806 -3.23293  70000 
-4.82215 -3.19277  70000 
-4.82626 -3.15261  70000 
-4.83037 -3.11245  70000 
-4.83449 -3.07229  70000 
-4.83861 -3.03213  70000 
-4.84274 -2.99197  70000 
-4.84687 -2.95181  70000 
-4.85101 -2.91165  70000 
-4.85516 -2.87149  70000 
-4.85931 -2.83133  70000 
-4.86348 -2.79116  70000 
-4.86764 -2.751  70000 
-4.87181 -2.71084  70000 
-4.87599 -2.67068  70000 
-4.88018 -2.63052  70000 
-4.88437 -2.59036  70000 
-4.88857 -2.5502  70000 
-4.89278 -2.51004  70000 
-4.89699 -2.46988  70000 
-4.89899 -2.45083  70000 
-4.90108 -2.42972  70000 
-4.90507 -2.38956  70000 
-4.90906 -2.3494  70000 
-4.91306 -2.30924  70000 
-4.91707 -2.26908  70000 
-4.92108 -2.22892  70000 
-4.92509 -2.18876  70000 
-4.92912 -2.14859  70000 
-4.93314 -2.10843  70000 
-4.93718 -2.06827  70000 
-4.94122 -2.02811  70000 
-4.94527 -1.98795  70000 
-4.94932 -1.94779  70000 
-4.95338 -1.90763  70000 
-4.95744 -1.86747  70000 
-4.96151 -1.82731  70000 
-4.96559 -1.78715  70000 
-4.96968 -1.74699  70000 
-4.97377 -1.70683  70000 
-4.97786 -1.66667  70000 
-4.98196 -1.62651  70000 
-4.98607 -1.58635  70000 
-4.99019 -1.54618  70000 
-4.99431 -1.50602  70000 
-4.99844 -1.46586  70000 
-5 -1.4507  70000 


# Contour 6, label:    6e+04
 4.82301 -1.2249  60000 
 4.82712 -1.18474  60000 
 4.83123 -1.14458  60000 
 4.83534 -1.10442  60000 
 4.83946 -1.06426  60000 
 4.84359 -1.0241  60000 
 4.84773 -0.983936  60000 
 4.85187 -0.943775  60000 
 4.85602 -0.903614  60000 
 4.86018 -0.863454  60000 
 4.86434 -0.823293  60000 
 4.86851 -0.783133  60000 
 4.87269 -0.742972  60000 
 4.87688 -0.702811  60000 
 4.88107 -0.662651  60000 
 4.88527 -0.62249  60000 
 4.88947 -0.582329  60000 
 4.89368 -0.542169  60000 
 4.8979 -0.502008  60000 
 4.89899 -0.491686  60000 
 4.90195 -0.461847  60000 
 4.90593 -0.421687  60000 
 4.90992 -0.381526  60000 
 4.91391 -0.341365  60000 
 4.91792 -0.301205  60000 
 4.92192 -0.261044  60000 
 4.92594 -0.220884  60000 
 4.92996 -0.180723  60000 
 4.93399 -0.140562  60000 
 4.93802 -0.100402  60000 
 4.94206 -0.060241  60000 
 4.94611 -0.0200803  60000 
 4.95017  0.0200803  60000 
 4.95423  0.060241  60000 
 4.95829  0.100402  60000 
 4.96237  0.140562  60000 
 4.96645  0.180723  60000 
 4.97054  0.220884  60000 
 4.97463  0.261044  60000 
 4.97873  0.301205  60000 
 4.98284  0.341365  60000 
 4.98696  0.381526  60000 
 4.99108  0.421687  60000 
 4.99521  0.461847  60000 
 4.99934  0.502008  60000 
 5  0.508373  60000 

# Contour 7, label: 
 4.41454 -5  60000 
 4.41902 -4.95984  60000 
 4.42349 -4.91968  60000 
 4.42798 -4.87952  60000 
 4.43248 -4.83936  60000 
 4.43698 -4.7992  60000 
 4.44149 -4.75904  60000 
 4.446 -4.71888  60000 
 4.45053 -4.67871  60000 
 4.45506 -4.63855  60000 
 4.4596 -4.59839  60000 
 4.46414 -4.55823  60000 
 4.4687 -4.51807  60000 
 4.47326 -4.47791  60000 
 4.47783 -4.43775  60000 
 4.4824 -4.39759  60000 
 4.48699 -4.35743  60000 
 4.49158 -4.31727  60000 
 4.49495 -4.28783  60000 
 4.49611 -4.27711  60000 
 4.50045 -4.23695  60000 
 4.5048 -4.19679  60000 
 4.50915 -4.15663  60000 
 4.51351 -4.11647  60000 
 4.51788 -4.07631  60000 
 4.52226 -4.03614  60000 
 4.52664 -3.99598  60000 
 4.53103 -3.95582  60000 
 4.53543 -3.91566  60000 
 4.53983 -3.8755  60000 
 4.54424 -3.83534  60000 
 4.54866 -3.79518  60000 
 4.55309 -3.75502  60000 
 4.55752 -3.71486  60000 
 4.56196 -3.6747  60000 
 4.56641 -3.63454  60000 
 4.57086 -3.59438  60000 
 4.57533 -3.55422  60000 
 4.5798 -3.51406  60000 
 4.58427 -3.4739  60000 
 4.58876 -3.43373  60000 
 4.59325 -3.39357  60000 
 4.59596 -3.36941  60000 
 4.59765 -3.35341  60000 
 4.60189 -3.31325  60000 
 4.60615 -3.27309  60000 
 4.61041 -3.23293  60000 
 4.61467 -3.19277  60000 
 4.61895 -3.15261  60000 
 4.62323 -3.11245  60000 
 4.62751 -3.07229  60000 
 4.63181 -3.03213  60000 
 4.63611 -2.99197  60000 
 4.64041 -2.95181  60000 
 4.64473 -2.91165  60000 
 4.64905 -2.87149  60000 
 4.65338 -2.83133  60000 
 4.65771 -2.79116  60000 
 4.66206 -2.751  60000 
 4.66641 -2.71084  60000 
 4.67077 -2.67068  60000 
 4.67513 -2.63052  60000 
 4.6795 -2.59036  60000 
 4.68388 -2.5502  60000 
 4.68827 -2.51004  60000 
 4.69266 -2.46988  60000 
 4.69697 -2.43058  60000 
 4.69706 -2.42972  60000 
 4.70121 -2.38956  60000 
 4.70537 -2.3494  60000 
 4.70953 -2.30924  60000 
 4.7137 -2.26908  60000 
 4.71788 -2.22892  60000 
 4.72207 -2.18876  60000 
 4.72626 -2.14859  60000 
 4.73045 -2.10843  60000 
 4.73466 -2.06827  60000 
 4.73887 -2.02811  60000 
 4.74309 -1.98795  60000 
 4.74731 -1.94779  60000 
 4.75155 -1.90763  60000 
 4.75579 -1.86747  60000 
 4.76003 -1.82731  60000 
 4.76429 -1.78715  60000 
 4.76855 -1.74699  60000 
 4.77281 -1.70683  60000 
 4.77709 -1.66667  60000 
 4.78137 -1.62651  60000 
 4.78566 -1.58635  60000 
 4.78995 -1.54618  60000 
 4.79426 -1.50602  60000 
 4.79798 -1.47134  60000 
 4.79853 -1.46586  60000 
 4.8026 -1.4257  60000 
 4.80667 -1.38554  60000 
 4.81074 -1.34538  60000 
 4.81483 -1.30522  60000 
 4.81892 -1.26506  60000 
 4.82301 -1.2249  60000 

# Contour 8, label: 
-4.82261 -1.2249  60000 
-4.82671 -1.18474  60000 
-4.83082 -1.14458  60000 
-4.83494 -1.10442  60000 
-4.83906 -1.06426  60000 
-4.84319 -1.0241  60000 
-4.84732 -0.983936  60000 
-4.85146 -0.943775  60000 
-4.85561 -0.903614  60000 
-4.85977 -0.863454  60000 
-4.86393 -0.823293  60000 
-4.8681 -0.783133  60000 
-4.87228 -0.742972  60000 
-4.87646 -0.702811  60000 
-4.88065 -0.662651  60000 
-4.88485 -0.62249  60000 
-4.88905 -0.582329  60000 
-4.89327 -0.542169  60000 
-4.89748 -0.502008  60000 
-4.89899 -0.487684  60000 
-4.90155 -0.461847  60000 
-4.90553 -0.421687  60000 
-4.90952 -0.381526  60000 
-4.91351 -0.341365  60000 
-4.91752 -0.301205  60000 
-4.92152 -0.261044  60000 
-4.92554 -0.220884  60000 
-4.92956 -0.180723  60000 
-4.93358 -0.140562  60000 
-4.93762 -0.100402  60000 
-4.94166 -0.060241  60000 
-4.9457 -0.0200803  60000 
-4.94976  0.0200803  60000 
-4.95382  0.060241  60000 
-4.95788  0.100402  60000 
-4.96196  0.140562  60000 
-4.96604  0.180723  60000 
-4.97012  0.220884  60000 
-4.97422  0.261044  60000 
-4.97832  0.301205  60000 
-4.98242  0.341365  60000 
-4.98654  0.381526  60000 
-4.99066  0.421687  60000 
-4.99479  0.461847  60000 
-4.99892  0.502008  60000 
-5  0.512458  60000 

# Contour 9, label: 
-4.41414 -5  60000 
-4.41861 -4.95984  60000 
-4.42309 -4.91968  60000 
-4.42758 -4.87952  60000 
-4.43207 -4.83936  60000 
-4.43657 -4.7992  60000 
-4.44108 -4.75904  60000 
-4.44559 -4.71888  60000 
-4.45012 -4.67871  60000 
-4.45465 -4.63855  60000 
-4.45918 -4.59839  60000 
-4.46373 -4.55823  60000 
-4.46828 -4.51807  60000 
-4.47284 -4.47791  60000 
-4.47741 -4.43775  60000 
-4.48198 -4.39759  60000 
-4.48657 -4.35743  60000 
-4.49116 -4.31727  60000 
-4.49495 -4.28416  60000 
-4.49571 -4.27711  60000 
-4.50005 -4.23695  60000 
-4.5044 -4.19679  60000 
-4.50875 -4.15663  60000 
-4.51311 -4.11647  60000 
-4.51748 -4.07631  60000 
-4.52185 -4.03614  60000 
-4.52624 -3.99598  60000 
-4.53063 -3.95582  60000 
-4.53502 -3.91566  60000 
-4.53942 -3.8755  60000 
-4.54383 -3.83534  60000 
-4.54825 -3.79518  60000 
-4.55268 -3.75502  60000 
-4.55711 -3.71486  60000 
-4.56155 -3.6747  60000 
-4.566 -3.63454  60000 
-4.57045 -3.59438  60000 
-4.57491 -3.55422  60000 
-4.57938 -3.51406  60000 
-4.58386 -3.4739  60000 
-4.58834 -3.43373  60000 
-4.59283 -3.39357  60000 
-4.59596 -3.36565  60000 
-4.59725 -3.35341  60000 
-4.6015 -3.31325  60000 
-4.60575 -3.27309  60000 
-4.61001 -3.23293  60000 
-4.61427 -3.19277  60000 
-4.61854 -3.15261  60000 
-4.62282 -3.11245  60000 
-4.62711 -3.07229  60000 
-4.6314 -3.03213  60000 
-4.6357 -2.99197  60000 
-4.64001 -2.95181  60000 
-4.64432 -2.91165  60000 
-4.64864 -2.87149  60000 
-4.65297 -2.83133  60000 
-4.6573 -2.79116  60000 
-4.66165 -2.751  60000 
-4.66599 -2.71084  60000 
-4.67035 -2.67068  60000 
-4.67471 -2.63052  60000 
-4.67909 -2.59036  60000 
-4.68346 -2.5502  60000 
-4.68785 -2.51004  60000 
-4.69224 -2.46988  60000 
-4.69664 -2.42972  60000 
-4.69697 -2.42674  60000 
-4.70081 -2.38956  60000 
-4.70497 -2.3494  60000 
-4.70913 -2.30924  60000 
-4.7133 -2.26908  60000 
-4.71748 -2.22892  60000 
-4.72166 -2.18876  60000 
-4.72585 -2.14859  60000 
-4.73005 -2.10843  60000 
-4.73425 -2.06827  60000 
-4.73846 -2.02811  60000 
-4.74268 -1.98795  60000 
-4.74691 -1.94779  60000 
-4.75114 -1.90763  60000 
-4.75538 -1.86747  60000 
-4.75962 -1.82731  60000 
-4.76387 -1.78715  60000 
-4.76813 -1.74699  60000 
-4.7724 -1.70683  60000 
-4.77667 -1.66667  60000 
-4.78095 -1.62651  60000 
-4.78524 -1.58635  60000 
-4.78954 -1.54618  60000 
-4.79384 -1.50602  60000 
-4.79798 -1.46742  60000 
-4.79814 -1.46586  60000 
-4.8022 -1.4257  60000 
-4.80627 -1.38554  60000 
-4.81035 -1.34538  60000 
-4.81443 -1.30522  60000 
-4.81852 -1.26506  60000 
-4.82261 -1.2249  60000 


# Contour 10, label:    5e+04
 4.99044  2.5502  50000 
 4.99458  2.59036  50000 
 4.99872  2.63052  50000 
 5  2.64291  50000 

# Contour 11, label: 
 4.59596 -1.23494  50000 
 4.59702 -1.2249  50000 
 4.60126 -1.18474  50000 
 4.6055 -1.14458  50000 
 4.60975 -1.10442  50000 
 4.61401 -1.06426  50000 
 4.61828 -1.0241  50000 
 4.62255 -0.983936  50000 
 4.62684 -0.943775  50000 
 4.63113 -0.903614  50000 
 4.63542 -0.863454  50000 
 4.63973 -0.823293  50000 
 4.64404 -0.783133  50000 
 4.64836 -0.742972  50000 
 4.65269 -0.702811  50000 
 4.65703 -0.662651  50000 
 4.66137 -0.62249  50000 
 4.66572 -0.582329  50000 
 4.67008 -0.542169  50000 
 4.67445 -0.502008  50000 
 4.67882 -0.461847  50000 
 4.68321 -0.421687  50000 
 4.6876 -0.381526  50000 
 4.692 -0.341365  50000 
 4.69641 -0.301205  50000 
 4.69697 -0.296095  50000 
 4.70059 -0.261044  50000 
 4.70474 -0.220884  50000 
 4.70889 -0.180723  50000 
 4.71306 -0.140562  50000 
 4.71723 -0.100402  50000 
 4.72141 -0.060241  50000 
 4.72559 -0.0200803  50000 
 4.72979  0.0200803  50000 
 4.73399  0.060241  50000 
 4.7382  0.100402  50000 
 4.74241  0.140562  50000 
 4.74664  0.180723  50000 
 4.75087  0.220884  50000 
 4.75511  0.261044  50000 
 4.75935  0.301205  50000 
 4.76361  0.341365  50000 
 4.76787  0.381526  50000 
 4.77214  0.421687  50000 
 4.77642  0.461847  50000 
 4.7807  0.502008  50000 
 4.785  0.542169  50000 
 4.7893  0.582329  50000 
 4.79361  0.62249  50000 
 4.79793  0.662651  50000 
 4.79798  0.663156  50000 
 4.80198  0.702811  50000 
 4.80605  0.742972  50000 
 4.81012  0.783133  50000 
 4.81419  0.823293  50000 
 4.81828  0.863454  50000 
 4.82237  0.903614  50000 
 4.82647  0.943775  50000 
 4.83057  0.983936  50000 
 4.83468  1.0241  50000 
 4.8388  1.06426  50000 
 4.84293  1.10442  50000 
 4.84706  1.14458  50000 
 4.85121  1.18474  50000 
 4.85536  1.2249  50000 
 4.85951  1.26506  50000 
 4.86368  1.30522  50000 
 4.86785  1.34538  50000 
 4.87203  1.38554  50000 
 4.87622  1.4257  50000 
 4.88041  1.46586  50000 
 4.88462  1.50602  50000 
 4.88883  1.54618  50000 
 4.89304  1.58635  50000 
 4.89727  1.62651  50000 
 4.89899  1.64283  50000 
 4.90135  1.66667  50000 
 4.90532  1.70683  50000 
 4.9093  1.74699  50000 
 4.91329  1.78715  50000 
 4.91729  1.82731  50000 
 4.92129  1.86747  50000 
 4.9253  1.90763  50000 
 4.92932  1.94779  50000 
 4.93334  1.98795  50000 
 4.93737  2.02811  50000 
 4.94141  2.06827  50000 
 4.94546  2.10843  50000 
 4.94951  2.14859  50000 
 4.95357  2.18876  50000 
 4.95764  2.22892  50000 
 4.96171  2.26908  50000 
 4.96579  2.30924  50000 
 4.96988  2.3494  50000 
 4.97398  2.38956  50000 
 4.97808  2.42972  50000 
 4.9822  2.46988  50000 
 4.98632  2.51004  50000 
 4.99044  2.5502  50000 

# Contour 12, label: 
 4.16575 -5  50000 
 4.17065 -4.95984  50000 
 4.17555 -4.91968  50000 
 4.18047 -4.87952  50000 
 4.18539 -4.83936  50000 
 4.19032 -4.7992  50000 
 4.19192 -4.78621  50000 
 4.19506 -4.75904  50000 
 4.19972 -4.71888  50000 
 4.20438 -4.67871  50000 
 4.20905 -4.63855  50000 
 4.21372 -4.59839  50000 
 4.21841 -4.55823  50000 
 4.2231 -4.51807  50000 
 4.22781 -4.47791  50000 
 4.23252 -4.43775  50000 
 4.23723 -4.39759  50000 
 4.24196 -4.35743  50000 
 4.2467 -4.31727  50000 
 4.25144 -4.27711  50000 
 4.2562 -4.23695  50000 
 4.26096 -4.19679  50000 
 4.26573 -4.15663  50000 
 4.27051 -4.11647  50000 
 4.27529 -4.07631  50000 
 4.28009 -4.03614  50000 
 4.2849 -3.99598  50000 
 4.28971 -3.95582  50000 
 4.29293 -3.92901  50000 
 4.29444 -3.91566  50000 
 4.29898 -3.8755  50000 
 4.30352 -3.83534  50000 
 4.30808 -3.79518  50000 
 4.31264 -3.75502  50000 
 4.31722 -3.71486  50000 
 4.3218 -3.6747  50000 
 4.32638 -3.63454  50000 
 4.33098 -3.59438  50000 
 4.33558 -3.55422  50000 
 4.3402 -3.51406  50000 
 4.34482 -3.4739  50000 
 4.34945 -3.43373  50000 
 4.35408 -3.39357  50000 
 4.35873 -3.35341  50000 
 4.36338 -3.31325  50000 
 4.36805 -3.27309  50000 
 4.37272 -3.23293  50000 
 4.3774 -3.19277  50000 
 4.38209 -3.15261  50000 
 4.38678 -3.11245  50000 
 4.39149 -3.07229  50000 
 4.39394 -3.05139  50000 
 4.39607 -3.03213  50000 
 4.4005 -2.99197  50000 
 4.40494 -2.95181  50000 
 4.4094 -2.91165  50000 
 4.41386 -2.87149  50000 
 4.41832 -2.83133  50000 
 4.4228 -2.79116  50000 
 4.42728 -2.751  50000 
 4.43177 -2.71084  50000 
 4.43627 -2.67068  50000 
 4.44078 -2.63052  50000 
 4.44529 -2.59036  50000 
 4.44981 -2.5502  50000 
 4.45434 -2.51004  50000 
 4.45888 -2.46988  50000 
 4.46343 -2.42972  50000 
 4.46799 -2.38956  50000 
 4.47255 -2.3494  50000 
 4.47712 -2.30924  50000 
 4.4817 -2.26908  50000 
 4.48629 -2.22892  50000 
 4.49089 -2.18876  50000 
 4.49495 -2.15337  50000 
 4.49547 -2.14859  50000 
 4.4998 -2.10843  50000 
 4.50414 -2.06827  50000 
 4.50849 -2.02811  50000 
 4.51284 -1.98795  50000 
 4.5172 -1.94779  50000 
 4.52157 -1.90763  50000 
 4.52595 -1.86747  50000 
 4.53034 -1.82731  50000 
 4.53473 -1.78715  50000 
 4.53913 -1.74699  50000 
 4.54354 -1.70683  50000 
 4.54796 -1.66667  50000 
 4.55239 -1.62651  50000 
 4.55682 -1.58635  50000 
 4.56126 -1.54618  50000 
 4.56571 -1.50602  50000 
 4.57017 -1.46586  50000 
 4.57463 -1.4257  50000 
 4.57911 -1.38554  50000 
 4.58359 -1.34538  50000 
 4.58808 -1.30522  50000 
 4.59258 -1.26506  50000 
 4.59596 -1.23494  50000 

# Contour 13, label: 
-4.98998  2.5502  50000 
-4.99412  2.59036  50000 
-4.99826  2.63052  50000 
-5  2.64738  50000 

# Contour 14, label: 
-4.59596 -1.23083  50000 
-4.59658 -1.2249  50000 
-4.60082 -1.18474  50000 
-4.60506 -1.14458  50000 
-4.60932 -1.10442  50000 
-4.61357 -1.06426  50000 
-4.61784 -1.0241  50000 
-4.62211 -0.983936  50000 
-4.62639 -0.943775  50000 
-4.63068 -0.903614  50000 
-4.63498 -0.863454  50000 
-4.63928 -0.823293  50000 
-4.64359 -0.783133  50000 
-4.64791 -0.742972  50000 
-4.65224 -0.702811  50000 
-4.65658 -0.662651  50000 
-4.66092 -0.62249  50000 
-4.66527 -0.582329  50000 
-4.66963 -0.542169  50000 
-4.67399 -0.502008  50000 
-4.67837 -0.461847  50000 
-4.68275 -0.421687  50000 
-4.68714 -0.381526  50000 
-4.69154 -0.341365  50000 
-4.69595 -0.301205  50000 
-4.69697 -0.291891  50000 
-4.70015 -0.261044  50000 
-4.7043 -0.220884  50000 
-4.70846 -0.180723  50000 
-4.71262 -0.140562  50000 
-4.71679 -0.100402  50000 
-4.72097 -0.060241  50000 
-4.72515 -0.0200803  50000 
-4.72935  0.0200803  50000 
-4.73355  0.060241  50000 
-4.73775  0.100402  50000 
-4.74197  0.140562  50000 
-4.74619  0.180723  50000 
-4.75042  0.220884  50000 
-4.75466  0.261044  50000 
-4.7589  0.301205  50000 
-4.76316  0.341365  50000 
-4.76742  0.381526  50000 
-4.77169  0.421687  50000 
-4.77596  0.461847  50000 
-4.78025  0.502008  50000 
-4.78454  0.542169  50000 
-4.78884  0.582329  50000 
-4.79315  0.62249  50000 
-4.79746  0.662651  50000 
-4.79798  0.667452  50000 
-4.80155  0.702811  50000 
-4.80561  0.742972  50000 
-4.80968  0.783133  50000 
-4.81376  0.823293  50000 
-4.81784  0.863454  50000 
-4.82193  0.903614  50000 
-4.82602  0.943775  50000 
-4.83013  0.983936  50000 
-4.83424  1.0241  50000 
-4.83836  1.06426  50000 
-4.84248  1.10442  50000 
-4.84662  1.14458  50000 
-4.85076  1.18474  50000 
-4.85491  1.2249  50000 
-4.85906  1.26506  50000 
-4.86323  1.30522  50000 
-4.8674  1.34538  50000 
-4.87158  1.38554  50000 
-4.87576  1.4257  50000 
-4.87996  1.46586  50000 
-4.88416  1.50602  50000 
-4.88837  1.54618  50000 
-4.89258  1.58635  50000 
-4.89681  1.62651  50000 
-4.89899  1.64721  50000 
-4.90091  1.66667  50000 
-4.90489  1.70683  50000 
-4.90887  1.74699  50000 
-4.91286  1.78715  50000 
-4.91685  1.82731  50000 
-4.92085  1.86747  50000 
-4.92486  1.90763  50000 
-4.92888  1.94779  50000 
-4.9329  1.98795  50000 
-4.93693  2.02811  50000 
-4.94097  2.06827  50000 
-4.94501  2.10843  50000 
-4.94906  2.14859  50000 
-4.95312  2.18876  50000 
-4.95719  2.22892  50000 
-4.96126  2.26908  50000 
-4.96534  2.30924  50000 
-4.96943  2.3494  50000 
-4.97353  2.38956  50000 
-4.97763  2.42972  50000 
-4.98174  2.46988  50000 
-4.98586  2.51004  50000 
-4.98998  2.5502  50000 

# Contour 15, label: 
-4.1653 -5  50000 
-4.17019 -4.95984  50000 
-4.1751 -4.91968  50000 
-4.18001 -4.87952  50000 
-4.18493 -4.83936  50000 
-4.18986 -4.7992  50000 
-4.19192 -4.78246  50000 
-4.19463 -4.75904  50000 
-4.19928 -4.71888  50000 
-4.20394 -4.67871  50000 
-4.20861 -4.63855  50000 
-4.21328 -4.59839  50000 
-4.21797 -4.55823  50000 
-4.22266 -4.51807  50000 
-4.22736 -4.47791  50000 
-4.23207 -4.43775  50000 
-4.23679 -4.39759  50000 
-4.24151 -4.35743  50000 
-4.24625 -4.31727  50000 
-4.25099 -4.27711  50000 
-4.25574 -4.23695  50000 
-4.2605 -4.19679  50000 
-4.26527 -4.15663  50000 
-4.27005 -4.11647  50000 
-4.27484 -4.07631  50000 
-4.27963 -4.03614  50000 
-4.28444 -3.99598  50000 
-4.28925 -3.95582  50000 
-4.29293 -3.92517  50000 
-4.294 -3.91566  50000 
-4.29854 -3.8755  50000 
-4.30309 -3.83534  50000 
-4.30764 -3.79518  50000 
-4.31221 -3.75502  50000 
-4.31678 -3.71486  50000 
-4.32135 -3.6747  50000 
-4.32594 -3.63454  50000 
-4.33054 -3.59438  50000 
-4.33514 -3.55422  50000 
-4.33975 -3.51406  50000 
-4.34437 -3.4739  50000 
-4.349 -3.43373  50000 
-4.35363 -3.39357  50000 
-4.35828 -3.35341  50000 
-4.36293 -3.31325  50000 
-4.36759 -3.27309  50000 
-4.37226 -3.23293  50000 
-4.37694 -3.19277  50000 
-4.38163 -3.15261  50000 
-4.38632 -3.11245  50000 
-4.39103 -3.07229  50000 
-4.39394 -3.04746  50000 
-4.39563 -3.03213  50000 
-4.40007 -2.99197  50000 
-4.40451 -2.95181  50000 
-4.40896 -2.91165  50000 
-4.41342 -2.87149  50000 
-4.41788 -2.83133  50000 
-4.42236 -2.79116  50000 
-4.42684 -2.751  50000 
-4.43133 -2.71084  50000 
-4.43582 -2.67068  50000 
-4.44033 -2.63052  50000 
-4.44484 -2.59036  50000 
-4.44936 -2.5502  50000 
-4.45389 -2.51004  50000 
-4.45843 -2.46988  50000 
-4.46298 -2.42972  50000 
-4.46753 -2.38956  50000 
-4.4721 -2.3494  50000 
-4.47667 -2.30924  50000 
-4.48125 -2.26908  50000 
-4.48584 -2.22892  50000 
-4.49043 -2.18876  50000 
-4.49495 -2.14936  50000 
-4.49503 -2.14859  50000 
-4.49936 -2.10843  50000 
-4.5037 -2.06827  50000 
-4.50805 -2.02811  50000 
-4.5124 -1.98795  50000 
-4.51676 -1.94779  50000 
-4.52113 -1.90763  50000 
-4.52551 -1.86747  50000 
-4.5299 -1.82731  50000 
-4.53429 -1.78715  50000 
-4.53869 -1.74699  50000 
-4.5431 -1.70683  50000 
-4.54751 -1.66667  50000 
-4.55194 -1.62651  50000 
-4.55637 -1.58635  50000 
-4.56081 -1.54618  50000 
-4.56526 -1.50602  50000 
-4.56971 -1.46586  50000 
-4.57418 -1.4257  50000 
-4.57865 -1.38554  50000 
-4.58313 -1.34538  50000 
-4.58762 -1.30522  50000 
-4.59212 -1.26506  50000 
-4.59596 -1.23083  50000 


# Contour 16, label:    4e+04
 4.74324  2.51004  40000 
 4.74746  2.5502  40000 
 4.75169  2.59036  40000 
 4.75594  2.63052  40000 
 4.76019  2.67068  40000 
 4.76444  2.71084  40000 
 4.76871  2.751  40000 
 4.77299  2.79116  40000 
 4.77727  2.83133  40000 
 4.78157  2.87149  40000 
 4.78587  2.91165  40000 
 4.79018  2.95181  40000 
 4.7945  2.99197  40000 
 4.79798  3.02422  40000 
 4.79878  3.03213  40000 
 4.80282  3.07229  40000 
 4.80688  3.11245  40000 
 4.81094  3.15261  40000 
 4.81501  3.19277  40000 
 4.81909  3.23293  40000 
 4.82318  3.27309  40000 
 4.82727  3.31325  40000 
 4.83137  3.35341  40000 
 4.83548  3.39357  40000 
 4.8396  3.43373  40000 
 4.84373  3.4739  40000 
 4.84787  3.51406  40000 
 4.85201  3.55422  40000 
 4.85616  3.59438  40000 
 4.86032  3.63454  40000 
 4.86449  3.6747  40000 
 4.86867  3.71486  40000 
 4.87285  3.75502  40000 
 4.87705  3.79518  40000 
 4.88125  3.83534  40000 
 4.88546  3.8755  40000 
 4.88969  3.91566  40000 
 4.89391  3.95582  40000 
 4.89815  3.99598  40000 
 4.89899  4.00391  40000 
 4.90217  4.03614  40000 
 4.90614  4.07631  40000 
 4.91011  4.11647  40000 
 4.91409  4.15663  40000 
 4.91808  4.19679  40000 
 4.92208  4.23695  40000 
 4.92609  4.27711  40000 
 4.9301  4.31727  40000 
 4.93412  4.35743  40000 
 4.93815  4.39759  40000 
 4.94219  4.43775  40000 
 4.94624  4.47791  40000 
 4.95029  4.51807  40000 
 4.95435  4.55823  40000 
 4.95842  4.59839  40000 
 4.9625  4.63855  40000 
 4.96659  4.67871  40000 
 4.97068  4.71888  40000 
 4.97479  4.75904  40000 
 4.9789  4.7992  40000 
 4.98302  4.83936  40000 
 4.98715  4.87952  40000 
 4.99128  4.91968  40000 
 4.99543  4.95984  40000 
 4.99959  5  40000 

# Contour 17, label: 
 4.3273 -1.26506  40000 
 4.3319 -1.2249  40000 
 4.3365 -1.18474  40000 
 4.34112 -1.14458  40000 
 4.34574 -1.10442  40000 
 4.35037 -1.06426  40000 
 4.35501 -1.0241  40000 
 4.35966 -0.983936  40000 
 4.36432 -0.943775  40000 
 4.36899 -0.903614  40000 
 4.37367 -0.863454  40000 
 4.37836 -0.823293  40000 
 4.38306 -0.783133  40000 
 4.38776 -0.742972  40000 
 4.39248 -0.702811  40000 
 4.39394 -0.690408  40000 
 4.397 -0.662651  40000 
 4.40142 -0.62249  40000 
 4.40586 -0.582329  40000 
 4.41031 -0.542169  40000 
 4.41476 -0.502008  40000 
 4.41922 -0.461847  40000 
 4.42369 -0.421687  40000 
 4.42817 -0.381526  40000 
 4.43266 -0.341365  40000 
 4.43716 -0.301205  40000 
 4.44167 -0.261044  40000 
 4.44619 -0.220884  40000 
 4.45071 -0.180723  40000 
 4.45525 -0.140562  40000 
 4.45979 -0.100402  40000 
 4.46434 -0.060241  40000 
 4.4689 -0.0200803  40000 
 4.47348  0.0200803  40000 
 4.47806  0.060241  40000 
 4.48265  0.100402  40000 
 4.48725  0.140562  40000 
 4.49186  0.180723  40000 
 4.49495  0.207634  40000 
 4.49638  0.220884  40000 
 4.5007  0.261044  40000 
 4.50503  0.301205  40000 
 4.50937  0.341365  40000 
 4.51372  0.381526  40000 
 4.51808  0.421687  40000 
 4.52245  0.461847  40000 
 4.52682  0.502008  40000 
 4.53121  0.542169  40000 
 4.5356  0.582329  40000 
 4.54  0.62249  40000 
 4.54441  0.662651  40000 
 4.54883  0.702811  40000 
 4.55326  0.742972  40000 
 4.5577  0.783133  40000 
 4.56214  0.823293  40000 
 4.5666  0.863454  40000 
 4.57106  0.903614  40000 
 4.57554  0.943775  40000 
 4.58002  0.983936  40000 
 4.58451  1.0241  40000 
 4.58901  1.06426  40000 
 4.59352  1.10442  40000 
 4.59596  1.12609  40000 
 4.59791  1.14458  40000 
 4.60213  1.18474  40000 
 4.60637  1.2249  40000 
 4.61062  1.26506  40000 
 4.61487  1.30522  40000 
 4.61913  1.34538  40000 
 4.62341  1.38554  40000 
 4.62768  1.4257  40000 
 4.63197  1.46586  40000 
 4.63627  1.50602  40000 
 4.64057  1.54618  40000 
 4.64489  1.58635  40000 
 4.64921  1.62651  40000 
 4.65354  1.66667  40000 
 4.65788  1.70683  40000 
 4.66223  1.74699  40000 
 4.66658  1.78715  40000 
 4.67095  1.82731  40000 
 4.67533  1.86747  40000 
 4.67971  1.90763  40000 
 4.6841  1.94779  40000 
 4.6885  1.98795  40000 
 4.69292  2.02811  40000 
 4.69697  2.06494  40000 
 4.69731  2.06827  40000 
 4.70145  2.10843  40000 
 4.70559  2.14859  40000 
 4.70974  2.18876  40000 
 4.7139  2.22892  40000 
 4.71806  2.26908  40000 
 4.72224  2.30924  40000 
 4.72642  2.3494  40000 
 4.73061  2.38956  40000 
 4.73481  2.42972  40000 
 4.73902  2.46988  40000 
 4.74324  2.51004  40000 

# Contour 18, label: 
 3.87227 -5  40000 
 3.87757 -4.95984  40000 
 3.88289 -4.91968  40000 
 3.88822 -4.87952  40000 
 3.88889 -4.87445  40000 
 3.89326 -4.83936  40000 
 3.89827 -4.7992  40000 
 3.90329 -4.75904  40000 
 3.90832 -4.71888  40000 
 3.91336 -4.67871  40000 
 3.91841 -4.63855  40000 
 3.92347 -4.59839  40000 
 3.92854 -4.55823  40000 
 3.93362 -4.51807  40000 
 3.93871 -4.47791  40000 
 3.94381 -4.43775  40000 
 3.94892 -4.39759  40000 
 3.95404 -4.35743  40000 
 3.95917 -4.31727  40000 
 3.96431 -4.27711  40000 
 3.96946 -4.23695  40000 
 3.97463 -4.19679  40000 
 3.9798 -4.15663  40000 
 3.98498 -4.11647  40000 
 3.9899 -4.07847  40000 
 3.99016 -4.07631  40000 
 3.99504 -4.03614  40000 
 3.99992 -3.99598  40000 
 4.00481 -3.95582  40000 
 4.00972 -3.91566  40000 
 4.01463 -3.8755  40000 
 4.01955 -3.83534  40000 
 4.02449 -3.79518  40000 
 4.02943 -3.75502  40000 
 4.03438 -3.71486  40000 
 4.03934 -3.6747  40000 
 4.04431 -3.63454  40000 
 4.04929 -3.59438  40000 
 4.05429 -3.55422  40000 
 4.05929 -3.51406  40000 
 4.0643 -3.4739  40000 
 4.06932 -3.43373  40000 
 4.07436 -3.39357  40000 
 4.0794 -3.35341  40000 
 4.08445 -3.31325  40000 
 4.08952 -3.27309  40000 
 4.09091 -3.26207  40000 
 4.09436 -3.23293  40000 
 4.09912 -3.19277  40000 
 4.10389 -3.15261  40000 
 4.10866 -3.11245  40000 
 4.11345 -3.07229  40000 
 4.11825 -3.03213  40000 
 4.12305 -2.99197  40000 
 4.12787 -2.95181  40000 
 4.1327 -2.91165  40000 
 4.13753 -2.87149  40000 
 4.14238 -2.83133  40000 
 4.14723 -2.79116  40000 
 4.1521 -2.751  40000 
 4.15697 -2.71084  40000 
 4.16185 -2.67068  40000 
 4.16675 -2.63052  40000 
 4.17165 -2.59036  40000 
 4.17657 -2.5502  40000 
 4.18149 -2.51004  40000 
 4.18643 -2.46988  40000 
 4.19137 -2.42972  40000 
 4.19192 -2.42526  40000 
 4.19604 -2.38956  40000 
 4.20069 -2.3494  40000 
 4.20534 -2.30924  40000 
 4.21001 -2.26908  40000 
 4.21468 -2.22892  40000 
 4.21936 -2.18876  40000 
 4.22405 -2.14859  40000 
 4.22875 -2.10843  40000 
 4.23346 -2.06827  40000 
 4.23818 -2.02811  40000 
 4.24291 -1.98795  40000 
 4.24765 -1.94779  40000 
 4.25239 -1.90763  40000 
 4.25715 -1.86747  40000 
 4.26192 -1.82731  40000 
 4.2667 -1.78715  40000 
 4.27148 -1.74699  40000 
 4.27628 -1.70683  40000 
 4.28108 -1.66667  40000 
 4.2859 -1.62651  40000 
 4.29073 -1.58635  40000 
 4.29293 -1.56804  40000 
 4.29539 -1.54618  40000 
 4.29992 -1.50602  40000 
 4.30447 -1.46586  40000 
 4.30902 -1.4257  40000 
 4.31357 -1.38554  40000 
 4.31814 -1.34538  40000 
 4.32272 -1.30522  40000 
 4.3273 -1.26506  40000 

# Contour 19, label: 
-4.74274  2.51004  40000 
-4.74696  2.5502  40000 
-4.75119  2.59036  40000 
-4.75543  2.63052  40000 
-4.75968  2.67068  40000 
-4.76394  2.71084  40000 
-4.76821  2.751  40000 
-4.77248  2.79116  40000 
-4.77676  2.83133  40000 
-4.78106  2.87149  40000 
-4.78536  2.91165  40000 
-4.78967  2.95181  40000 
-4.79399  2.99197  40000 
-4.79798  3.02902  40000 
-4.79829  3.03213  40000 
-4.80234  3.07229  40000 
-4.80639  3.11245  40000 
-4.81045  3.15261  40000 
-4.81452  3.19277  40000 
-4.8186  3.23293  40000 
-4.82269  3.27309  40000 
-4.82678  3.31325  40000 
-4.83088  3.35341  40000 
-4.83499  3.39357  40000 
-4.83911  3.43373  40000 
-4.84323  3.4739  40000 
-4.84737  3.51406  40000 
-4.85151  3.55422  40000 
-4.85566  3.59438  40000 
-4.85982  3.63454  40000 
-4.86399  3.6747  40000 
-4.86816  3.71486  40000 
-4.87235  3.75502  40000 
-4.87654  3.79518  40000 
-4.88074  3.83534  40000 
-4.88495  3.8755  40000 
-4.88917  3.91566  40000 
-4.8934  3.95582  40000 
-4.89764  3.99598  40000 
-4.89899  4.00881  40000 
-4.90169  4.03614  40000 
-4.90565  4.07631  40000 
-4.90962  4.11647  40000 
-4.91361  4.15663  40000 
-4.91759  4.19679  40000 
-4.92159  4.23695  40000 
-4.9256  4.27711  40000 
-4.92961  4.31727  40000 
-4.93363  4.35743  40000 
-4.93766  4.39759  40000 
-4.94169  4.43775  40000 
-4.94574  4.47791  40000 
-4.94979  4.51807  40000 
-4.95385  4.55823  40000 
-4.95792  4.59839  40000 
-4.962  4.63855  40000 
-4.96608  4.67871  40000 
-4.97017  4.71888  40000 
-4.97428  4.75904  40000 
-4.97839  4.7992  40000 
-4.98251  4.83936  40000 
-4.98663  4.87952  40000 
-4.99077  4.91968  40000 
-4.99491  4.95984  40000 
-4.99907  5  40000 

# Contour 20, label: 
-4.32681 -1.26506  40000 
-4.3314 -1.2249  40000 
-4.336 -1.18474  40000 
-4.34062 -1.14458  40000 
-4.34524 -1.10442  40000 
-4.34987 -1.06426  40000 
-4.35451 -1.0241  40000 
-4.35915 -0.983936  40000 
-4.36381 -0.943775  40000 
-4.36848 -0.903614  40000 
-4.37316 -0.863454  40000 
-4.37785 -0.823293  40000 
-4.38254 -0.783133  40000 
-4.38725 -0.742972  40000 
-4.39196 -0.702811  40000 
-4.39394 -0.686012  40000 
-4.39651 -0.662651  40000 
-4.40094 -0.62249  40000 
-4.40537 -0.582329  40000 
-4.40982 -0.542169  40000 
-4.41427 -0.502008  40000 
-4.41873 -0.461847  40000 
-4.4232 -0.421687  40000 
-4.42768 -0.381526  40000 
-4.43217 -0.341365  40000 
-4.43666 -0.301205  40000 
-4.44117 -0.261044  40000 
-4.44568 -0.220884  40000 
-4.45021 -0.180723  40000 
-4.45474 -0.140562  40000 
-4.45928 -0.100402  40000 
-4.46383 -0.060241  40000 
-4.4684 -0.0200803  40000 
-4.47297  0.0200803  40000 
-4.47754  0.060241  40000 
-4.48213  0.100402  40000 
-4.48673  0.140562  40000 
-4.49134  0.180723  40000 
-4.49495  0.212128  40000 
-4.49589  0.220884  40000 
-4.50021  0.261044  40000 
-4.50455  0.301205  40000 
-4.50889  0.341365  40000 
-4.51323  0.381526  40000 
-4.51759  0.421687  40000 
-4.52196  0.461847  40000 
-4.52633  0.502008  40000 
-4.53071  0.542169  40000 
-4.5351  0.582329  40000 
-4.5395  0.62249  40000 
-4.54391  0.662651  40000 
-4.54833  0.702811  40000 
-4.55276  0.742972  40000 
-4.55719  0.783133  40000 
-4.56164  0.823293  40000 
-4.56609  0.863454  40000 
-4.57055  0.903614  40000 
-4.57503  0.943775  40000 
-4.57951  0.983936  40000 
-4.584  1.0241  40000 
-4.5885  1.06426  40000 
-4.59301  1.10442  40000 
-4.59596  1.13068  40000 
-4.59742  1.14458  40000 
-4.60165  1.18474  40000 
-4.60589  1.2249  40000 
-4.61013  1.26506  40000 
-4.61438  1.30522  40000 
-4.61864  1.34538  40000 
-4.62291  1.38554  40000 
-4.62719  1.4257  40000 
-4.63148  1.46586  40000 
-4.63577  1.50602  40000 
-4.64008  1.54618  40000 
-4.64439  1.58635  40000 
-4.64871  1.62651  40000 
-4.65304  1.66667  40000 
-4.65737  1.70683  40000 
-4.66172  1.74699  40000 
-4.66608  1.78715  40000 
-4.67044  1.82731  40000 
-4.67482  1.86747  40000 
-4.6792  1.90763  40000 
-4.68359  1.94779  40000 
-4.68799  1.98795  40000 
-4.6924  2.02811  40000 
-4.69682  2.06827  40000 
-4.69697  2.06964  40000 
-4.70096  2.10843  40000 
-4.7051  2.14859  40000 
-4.70925  2.18876  40000 
-4.71341  2.22892  40000 
-4.71757  2.26908  40000 
-4.72175  2.30924  40000 
-4.72593  2.3494  40000 
-4.73012  2.38956  40000 
-4.73432  2.42972  40000 
-4.73852  2.46988  40000 
-4.74274  2.51004  40000 

# Contour 21, label: 
-3.87176 -5  40000 
-3.87706 -4.95984  40000 
-3.88238 -4.91968  40000 
-3.8877 -4.87952  40000 
-3.88889 -4.87056  40000 
-3.89277 -4.83936  40000 
-3.89778 -4.7992  40000 
-3.9028 -4.75904  40000 
-3.90783 -4.71888  40000 
-3.91287 -4.67871  40000 
-3.91792 -4.63855  40000 
-3.92297 -4.59839  40000 
-3.92804 -4.55823  40000 
-3.93312 -4.51807  40000 
-3.93821 -4.47791  40000 
-3.94331 -4.43775  40000 
-3.94842 -4.39759  40000 
-3.95353 -4.35743  40000 
-3.95866 -4.31727  40000 
-3.9638 -4.27711  40000 
-3.96895 -4.23695  40000 
-3.97412 -4.19679  40000 
-3.97929 -4.15663  40000 
-3.98447 -4.11647  40000 
-3.98966 -4.07631  40000 
-3.9899 -4.07448  40000 
-3.99455 -4.03614  40000 
-3.99943 -3.99598  40000 
-4.00433 -3.95582  40000 
-4.00923 -3.91566  40000 
-4.01414 -3.8755  40000 
-4.01906 -3.83534  40000 
-4.02399 -3.79518  40000 
-4.02893 -3.75502  40000 
-4.03388 -3.71486  40000 
-4.03884 -3.6747  40000 
-4.04381 -3.63454  40000 
-4.04879 -3.59438  40000 
-4.05378 -3.55422  40000 
-4.05878 -3.51406  40000 
-4.06379 -3.4739  40000 
-4.06881 -3.43373  40000 
-4.07385 -3.39357  40000 
-4.07889 -3.35341  40000 
-4.08394 -3.31325  40000 
-4.089 -3.27309  40000 
-4.09091 -3.25797  40000 
-4.09387 -3.23293  40000 
-4.09863 -3.19277  40000 
-4.1034 -3.15261  40000 
-4.10817 -3.11245  40000 
-4.11296 -3.07229  40000 
-4.11776 -3.03213  40000 
-4.12256 -2.99197  40000 
-4.12738 -2.95181  40000 
-4.1322 -2.91165  40000 
-4.13703 -2.87149  40000 
-4.14188 -2.83133  40000 
-4.14673 -2.79116  40000 
-4.15159 -2.751  40000 
-4.15646 -2.71084  40000 
-4.16135 -2.67068  40000 
-4.16624 -2.63052  40000 
-4.17114 -2.59036  40000 
-4.17605 -2.5502  40000 
-4.18098 -2.51004  40000 
-4.18591 -2.46988  40000 
-4.19085 -2.42972  40000 
-4.19192 -2.42107  40000 
-4.19556 -2.38956  40000 
-4.2002 -2.3494  40000 
-4.20485 -2.30924  40000 
-4.20952 -2.26908  40000 
-4.21419 -2.22892  40000 
-4.21887 -2.18876  40000 
-4.22356 -2.14859  40000 
-4.22826 -2.10843  40000 
-4.23296 -2.06827  40000 
-4.23768 -2.02811  40000 
-4.24241 -1.98795  40000 
-4.24715 -1.94779  40000 
-4.25189 -1.90763  40000 
-4.25665 -1.86747  40000 
-4.26141 -1.82731  40000 
-4.26619 -1.78715  40000 
-4.27097 -1.74699  40000 
-4.27577 -1.70683  40000 
-4.28057 -1.66667  40000 
-4.28539 -1.62651  40000 
-4.29021 -1.58635  40000 
-4.29293 -1.56374  40000 
-4.29491 -1.54618  40000 
-4.29944 -1.50602  40000 
-4.30398 -1.46586  40000 
-4.30853 -1.4257  40000 
-4.31308 -1.38554  40000 
-4.31765 -1.34538  40000 
-4.32223 -1.30522  40000 
-4.32681 -1.26506  40000 


# Contour 22, label:    3e+04
 4.45184  2.51004  30000 
 4.45638  2.5502  30000 
 4.46093  2.59036  30000 
 4.4655  2.63052  30000 
 4.47007  2.67068  30000 
 4.47465  2.71084  30000 
 4.47924  2.751  30000 
 4.48385  2.79116  30000 
 4.48846  2.83133  30000 
 4.49309  2.87149  30000 
 4.49495  2.8876  30000 
 4.49753  2.91165  30000 
 4.50184  2.95181  30000 
 4.50616  2.99197  30000 
 4.5105  3.03213  30000 
 4.51484  3.07229  30000 
 4.51919  3.11245  30000 
 4.52355  3.15261  30000 
 4.52792  3.19277  30000 
 4.5323  3.23293  30000 
 4.5367  3.27309  30000 
 4.5411  3.31325  30000 
 4.54551  3.35341  30000 
 4.54993  3.39357  30000 
 4.55436  3.43373  30000 
 4.55881  3.4739  30000 
 4.56326  3.51406  30000 
 4.56772  3.55422  30000 
 4.5722  3.59438  30000 
 4.57668  3.63454  30000 
 4.58118  3.6747  30000 
 4.58568  3.71486  30000 
 4.5902  3.75502  30000 
 4.59473  3.79518  30000 
 4.59596  3.80608  30000 
 4.59903  3.83534  30000 
 4.60325  3.8755  30000 
 4.60747  3.91566  30000 
 4.61171  3.95582  30000 
 4.61596  3.99598  30000 
 4.62021  4.03614  30000 
 4.62448  4.07631  30000 
 4.62875  4.11647  30000 
 4.63304  4.15663  30000 
 4.63733  4.19679  30000 
 4.64164  4.23695  30000 
 4.64595  4.27711  30000 
 4.65028  4.31727  30000 
 4.65461  4.35743  30000 
 4.65896  4.39759  30000 
 4.66331  4.43775  30000 
 4.66768  4.47791  30000 
 4.67205  4.51807  30000 
 4.67644  4.55823  30000 
 4.68083  4.59839  30000 
 4.68524  4.63855  30000 
 4.68966  4.67871  30000 
 4.69409  4.71888  30000 
 4.69697  4.74497  30000 
 4.69841  4.75904  30000 
 4.70253  4.7992  30000 
 4.70667  4.83936  30000 
 4.71081  4.87952  30000 
 4.71496  4.91968  30000 
 4.71912  4.95984  30000 
 4.72329  5  30000 

# Contour 23, label: 
 4.0061 -1.26506  30000 
 4.011 -1.2249  30000 
 4.01591 -1.18474  30000 
 4.02083 -1.14458  30000 
 4.02576 -1.10442  30000 
 4.0307 -1.06426  30000 
 4.03565 -1.0241  30000 
 4.04061 -0.983936  30000 
 4.04559 -0.943775  30000 
 4.05057 -0.903614  30000 
 4.05557 -0.863454  30000 
 4.06058 -0.823293  30000 
 4.0656 -0.783133  30000 
 4.07064 -0.742972  30000 
 4.07568 -0.702811  30000 
 4.08074 -0.662651  30000 
 4.08581 -0.62249  30000 
 4.09089 -0.582329  30000 
 4.09091 -0.582213  30000 
 4.09563 -0.542169  30000 
 4.10038 -0.502008  30000 
 4.10514 -0.461847  30000 
 4.10991 -0.421687  30000 
 4.11469 -0.381526  30000 
 4.11949 -0.341365  30000 
 4.12429 -0.301205  30000 
 4.1291 -0.261044  30000 
 4.13393 -0.220884  30000 
 4.13876 -0.180723  30000 
 4.14361 -0.140562  30000 
 4.14847 -0.100402  30000 
 4.15334 -0.060241  30000 
 4.15822 -0.0200803  30000 
 4.16311  0.0200803  30000 
 4.16802  0.060241  30000 
 4.17293  0.100402  30000 
 4.17786  0.140562  30000 
 4.1828  0.180723  30000 
 4.18775  0.220884  30000 
 4.19192  0.254626  30000 
 4.19266  0.261044  30000 
 4.19728  0.301205  30000 
 4.20192  0.341365  30000 
 4.20656  0.381526  30000 
 4.21122  0.421687  30000 
 4.21588  0.461847  30000 
 4.22056  0.502008  30000 
 4.22525  0.542169  30000 
 4.22995  0.582329  30000 
 4.23466  0.62249  30000 
 4.23938  0.662651  30000 
 4.24411  0.702811  30000 
 4.24885  0.742972  30000 
 4.2536  0.783133  30000 
 4.25836  0.823293  30000 
 4.26314  0.863454  30000 
 4.26793  0.903614  30000 
 4.27272  0.943775  30000 
 4.27753  0.983936  30000 
 4.28235  1.0241  30000 
 4.28719  1.06426  30000 
 4.29203  1.10442  30000 
 4.29293  1.11187  30000 
 4.2966  1.14458  30000 
 4.30113  1.18474  30000 
 4.30566  1.2249  30000 
 4.3102  1.26506  30000 
 4.31475  1.30522  30000 
 4.31931  1.34538  30000 
 4.32388  1.38554  30000 
 4.32847  1.4257  30000 
 4.33306  1.46586  30000 
 4.33766  1.50602  30000 
 4.34228  1.54618  30000 
 4.3469  1.58635  30000 
 4.35154  1.62651  30000 
 4.35618  1.66667  30000 
 4.36084  1.70683  30000 
 4.36551  1.74699  30000 
 4.37019  1.78715  30000 
 4.37488  1.82731  30000 
 4.37958  1.86747  30000 
 4.38429  1.90763  30000 
 4.38902  1.94779  30000 
 4.39375  1.98795  30000 
 4.39394  1.98952  30000 
 4.39817  2.02811  30000 
 4.40259  2.06827  30000 
 4.40702  2.10843  30000 
 4.41146  2.14859  30000 
 4.4159  2.18876  30000 
 4.42036  2.22892  30000 
 4.42483  2.26908  30000 
 4.4293  2.30924  30000 
 4.43379  2.3494  30000 
 4.43829  2.38956  30000 
 4.4428  2.42972  30000 
 4.44732  2.46988  30000 
 4.45184  2.51004  30000 

# Contour 24, label: 
 3.50915 -5  30000 
 3.51478 -4.95984  30000 
 3.52041 -4.91968  30000 
 3.52606 -4.87952  30000 
 3.53173 -4.83936  30000 
 3.5374 -4.7992  30000 
 3.54309 -4.75904  30000 
 3.5488 -4.71888  30000 
 3.55451 -4.67871  30000 
 3.56024 -4.63855  30000 
 3.56599 -4.59839  30000 
 3.57175 -4.55823  30000 
 3.57752 -4.51807  30000 
 3.5833 -4.47791  30000 
 3.58586 -4.46018  30000 
 3.58888 -4.43775  30000 
 3.5943 -4.39759  30000 
 3.59973 -4.35743  30000 
 3.60518 -4.31727  30000 
 3.61063 -4.27711  30000 
 3.6161 -4.23695  30000 
 3.62158 -4.19679  30000 
 3.62707 -4.15663  30000 
 3.63258 -4.11647  30000 
 3.6381 -4.07631  30000 
 3.64363 -4.03614  30000 
 3.64917 -3.99598  30000 
 3.65473 -3.95582  30000 
 3.6603 -3.91566  30000 
 3.66588 -3.8755  30000 
 3.67148 -3.83534  30000 
 3.67709 -3.79518  30000 
 3.68272 -3.75502  30000 
 3.68687 -3.72541  30000 
 3.68825 -3.71486  30000 
 3.69352 -3.6747  30000 
 3.6988 -3.63454  30000 
 3.70409 -3.59438  30000 
 3.70939 -3.55422  30000 
 3.7147 -3.51406  30000 
 3.72003 -3.4739  30000 
 3.72536 -3.43373  30000 
 3.73071 -3.39357  30000 
 3.73608 -3.35341  30000 
 3.74145 -3.31325  30000 
 3.74684 -3.27309  30000 
 3.75224 -3.23293  30000 
 3.75765 -3.19277  30000 
 3.76308 -3.15261  30000 
 3.76852 -3.11245  30000 
 3.77397 -3.07229  30000 
 3.77943 -3.03213  30000 
 3.78491 -2.99197  30000 
 3.78788 -2.97023  30000 
 3.79023 -2.95181  30000 
 3.79535 -2.91165  30000 
 3.80049 -2.87149  30000 
 3.80564 -2.83133  30000 
 3.8108 -2.79116  30000 
 3.81598 -2.751  30000 
 3.82116 -2.71084  30000 
 3.82636 -2.67068  30000 
 3.83157 -2.63052  30000 
 3.83679 -2.59036  30000 
 3.84202 -2.5502  30000 
 3.84727 -2.51004  30000 
 3.85252 -2.46988  30000 
 3.85779 -2.42972  30000 
 3.86307 -2.38956  30000 
 3.86837 -2.3494  30000 
 3.87368 -2.30924  30000 
 3.879 -2.26908  30000 
 3.88433 -2.22892  30000 
 3.88889 -2.19464  30000 
 3.88962 -2.18876  30000 
 3.89461 -2.14859  30000 
 3.89961 -2.10843  30000 
 3.90462 -2.06827  30000 
 3.90964 -2.02811  30000 
 3.91468 -1.98795  30000 
 3.91972 -1.94779  30000 
 3.92478 -1.90763  30000 
 3.92985 -1.86747  30000 
 3.93493 -1.82731  30000 
 3.94002 -1.78715  30000 
 3.94512 -1.74699  30000 
 3.95024 -1.70683  30000 
 3.95536 -1.66667  30000 
 3.9605 -1.62651  30000 
 3.96566 -1.58635  30000 
 3.97082 -1.54618  30000 
 3.976 -1.50602  30000 
 3.98118 -1.46586  30000 
 3.98639 -1.4257  30000 
 3.9899 -1.39862  30000 
 3.99148 -1.38554  30000 
 3.99635 -1.34538  30000 
 4.00122 -1.30522  30000 
 4.0061 -1.26506  30000 

# Contour 25, label: 
-4.45126  2.51004  30000 
-4.4558  2.5502  30000 
-4.46035  2.59036  30000 
-4.46491  2.63052  30000 
-4.46948  2.67068  30000 
-4.47406  2.71084  30000 
-4.47865  2.751  30000 
-4.48325  2.79116  30000 
-4.48787  2.83133  30000 
-4.49249  2.87149  30000 
-4.49495  2.89279  30000 
-4.49697  2.91165  30000 
-4.50128  2.95181  30000 
-4.5056  2.99197  30000 
-4.50993  3.03213  30000 
-4.51427  3.07229  30000 
-4.51862  3.11245  30000 
-4.52298  3.15261  30000 
-4.52735  3.19277  30000 
-4.53173  3.23293  30000 
-4.53612  3.27309  30000 
-4.54052  3.31325  30000 
-4.54493  3.35341  30000 
-4.54935  3.39357  30000 
-4.55378  3.43373  30000 
-4.55822  3.4739  30000 
-4.56267  3.51406  30000 
-4.56714  3.55422  30000 
-4.57161  3.59438  30000 
-4.57609  3.63454  30000 
-4.58058  3.6747  30000 
-4.58509  3.71486  30000 
-4.5896  3.75502  30000 
-4.59413  3.79518  30000 
-4.59596  3.81139  30000 
-4.59847  3.83534  30000 
-4.60269  3.8755  30000 
-4.60691  3.91566  30000 
-4.61115  3.95582  30000 
-4.61539  3.99598  30000 
-4.61965  4.03614  30000 
-4.62391  4.07631  30000 
-4.62818  4.11647  30000 
-4.63247  4.15663  30000 
-4.63676  4.19679  30000 
-4.64106  4.23695  30000 
-4.64537  4.27711  30000 
-4.6497  4.31727  30000 
-4.65403  4.35743  30000 
-4.65837  4.39759  30000 
-4.66273  4.43775  30000 
-4.66709  4.47791  30000 
-4.67146  4.51807  30000 
-4.67585  4.55823  30000 
-4.68024  4.59839  30000 
-4.68465  4.63855  30000 
-4.68906  4.67871  30000 
-4.69349  4.71888  30000 
-4.69697  4.7504  30000 
-4.69786  4.75904  30000 
-4.70198  4.7992  30000 
-4.70611  4.83936  30000 
-4.71025  4.87952  30000 
-4.71439  4.91968  30000 
-4.71855  4.95984  30000 
-4.72272  5  30000 

# Contour 26, label: 
-4.00554 -1.26506  30000 
-4.01044 -1.2249  30000 
-4.01534 -1.18474  30000 
-4.02026 -1.14458  30000 
-4.02518 -1.10442  30000 
-4.03012 -1.06426  30000 
-4.03507 -1.0241  30000 
-4.04003 -0.983936  30000 
-4.04501 -0.943775  30000 
-4.04999 -0.903614  30000 
-4.05499 -0.863454  30000 
-4.06 -0.823293  30000 
-4.06502 -0.783133  30000 
-4.07005 -0.742972  30000 
-4.07509 -0.702811  30000 
-4.08015 -0.662651  30000 
-4.08522 -0.62249  30000 
-4.0903 -0.582329  30000 
-4.09091 -0.577483  30000 
-4.09508 -0.542169  30000 
-4.09982 -0.502008  30000 
-4.10458 -0.461847  30000 
-4.10935 -0.421687  30000 
-4.11413 -0.381526  30000 
-4.11892 -0.341365  30000 
-4.12372 -0.301205  30000 
-4.12853 -0.261044  30000 
-4.13335 -0.220884  30000 
-4.13819 -0.180723  30000 
-4.14303 -0.140562  30000 
-4.14789 -0.100402  30000 
-4.15276 -0.060241  30000 
-4.15763 -0.0200803  30000 
-4.16253  0.0200803  30000 
-4.16743  0.060241  30000 
-4.17234  0.100402  30000 
-4.17727  0.140562  30000 
-4.1822  0.180723  30000 
-4.18715  0.220884  30000 
-4.19192  0.259463  30000 
-4.1921  0.261044  30000 
-4.19672  0.301205  30000 
-4.20136  0.341365  30000 
-4.206  0.381526  30000 
-4.21065  0.421687  30000 
-4.21532  0.461847  30000 
-4.21999  0.502008  30000 
-4.22468  0.542169  30000 
-4.22937  0.582329  30000 
-4.23408  0.62249  30000 
-4.2388  0.662651  30000 
-4.24353  0.702811  30000 
-4.24827  0.742972  30000 
-4.25302  0.783133  30000 
-4.25778  0.823293  30000 
-4.26255  0.863454  30000 
-4.26734  0.903614  30000 
-4.27213  0.943775  30000 
-4.27694  0.983936  30000 
-4.28176  1.0241  30000 
-4.28659  1.06426  30000 
-4.29143  1.10442  30000 
-4.29293  1.11683  30000 
-4.29605  1.14458  30000 
-4.30057  1.18474  30000 
-4.3051  1.2249  30000 
-4.30963  1.26506  30000 
-4.31418  1.30522  30000 
-4.31874  1.34538  30000 
-4.32331  1.38554  30000 
-4.32789  1.4257  30000 
-4.33249  1.46586  30000 
-4.33709  1.50602  30000 
-4.3417  1.54618  30000 
-4.34632  1.58635  30000 
-4.35096  1.62651  30000 
-4.3556  1.66667  30000 
-4.36026  1.70683  30000 
-4.36492  1.74699  30000 
-4.3696  1.78715  30000 
-4.37429  1.82731  30000 
-4.37899  1.86747  30000 
-4.3837  1.90763  30000 
-4.38842  1.94779  30000 
-4.39316  1.98795  30000 
-4.39394  1.9946  30000 
-4.39762  2.02811  30000 
-4.40203  2.06827  30000 
-4.40646  2.10843  30000 
-4.41089  2.14859  30000 
-4.41534  2.18876  30000 
-4.41979  2.22892  30000 
-4.42426  2.26908  30000 
-4.42873  2.30924  30000 
-4.43322  2.3494  30000 
-4.43771  2.38956  30000 
-4.44222  2.42972  30000 
-4.44674  2.46988  30000 
-4.45126  2.51004  30000 

# Contour 27, label: 
-3.50858 -5  30000 
-3.51421 -4.95984  30000 
-3.51984 -4.91968  30000 
-3.52549 -4.87952  30000 
-3.53115 -4.83936  30000 
-3.53683 -4.7992  30000 
-3.54251 -4.75904  30000 
-3.54822 -4.71888  30000 
-3.55393 -4.67871  30000 
-3.55966 -4.63855  30000 
-3.5654 -4.59839  30000 
-3.57115 -4.55823  30000 
-3.57692 -4.51807  30000 
-3.58271 -4.47791  30000 
-3.58586 -4.45604  30000 
-3.58832 -4.43775  30000 
-3.59374 -4.39759  30000 
-3.59917 -4.35743  30000 
-3.60461 -4.31727  30000 
-3.61006 -4.27711  30000 
-3.61553 -4.23695  30000 
-3.62101 -4.19679  30000 
-3.6265 -4.15663  30000 
-3.632 -4.11647  30000 
-3.63752 -4.07631  30000 
-3.64305 -4.03614  30000 
-3.64859 -3.99598  30000 
-3.65415 -3.95582  30000 
-3.65971 -3.91566  30000 
-3.6653 -3.8755  30000 
-3.67089 -3.83534  30000 
-3.6765 -3.79518  30000 
-3.68212 -3.75502  30000 
-3.68687 -3.72116  30000 
-3.68769 -3.71486  30000 
-3.69296 -3.6747  30000 
-3.69823 -3.63454  30000 
-3.70352 -3.59438  30000 
-3.70882 -3.55422  30000 
-3.71413 -3.51406  30000 
-3.71946 -3.4739  30000 
-3.72479 -3.43373  30000 
-3.73014 -3.39357  30000 
-3.7355 -3.35341  30000 
-3.74087 -3.31325  30000 
-3.74626 -3.27309  30000 
-3.75166 -3.23293  30000 
-3.75707 -3.19277  30000 
-3.76249 -3.15261  30000 
-3.76793 -3.11245  30000 
-3.77338 -3.07229  30000 
-3.77884 -3.03213  30000 
-3.78431 -2.99197  30000 
-3.78788 -2.96585  30000 
-3.78967 -2.95181  30000 
-3.79479 -2.91165  30000 
-3.79993 -2.87149  30000 
-3.80508 -2.83133  30000 
-3.81024 -2.79116  30000 
-3.81541 -2.751  30000 
-3.82059 -2.71084  30000 
-3.82579 -2.67068  30000 
-3.83099 -2.63052  30000 
-3.83621 -2.59036  30000 
-3.84144 -2.5502  30000 
-3.84668 -2.51004  30000 
-3.85194 -2.46988  30000 
-3.85721 -2.42972  30000 
-3.86249 -2.38956  30000 
-3.86778 -2.3494  30000 
-3.87308 -2.30924  30000 
-3.8784 -2.26908  30000 
-3.88373 -2.22892  30000 
-3.88889 -2.19015  30000 
-3.88906 -2.18876  30000 
-3.89405 -2.14859  30000 
-3.89905 -2.10843  30000 
-3.90406 -2.06827  30000 
-3.90908 -2.02811  30000 
-3.91411 -1.98795  30000 
-3.91915 -1.94779  30000 
-3.92421 -1.90763  30000 
-3.92927 -1.86747  30000 
-3.93435 -1.82731  30000 
-3.93944 -1.78715  30000 
-3.94454 -1.74699  30000 
-3.94966 -1.70683  30000 
-3.95478 -1.66667  30000 
-3.95992 -1.62651  30000 
-3.96507 -1.58635  30000 
-3.97023 -1.54618  30000 
-3.9754 -1.50602  30000 
-3.98059 -1.46586  30000 
-3.98579 -1.4257  30000 
-3.9899 -1.39402  30000 
-3.99092 -1.38554  30000 
-3.99579 -1.34538  30000 
-4.00066 -1.30522  30000 
-4.00554 -1.26506  30000 


# Contour 28, label:    2e+04
 4.07482  2.46988  20000 
 4.07989  2.51004  20000 
 4.08499  2.5502  20000 
 4.09009  2.59036  20000 
 4.09091  2.59679  20000 
 4.09487  2.63052  20000 
 4.09959  2.67068  20000 
 4.10433  2.71084  20000 
 4.10908  2.751  20000 
 4.11385  2.79116  20000 
 4.11862  2.83133  20000 
 4.12341  2.87149  20000 
 4.12822  2.91165  20000 
 4.13303  2.95181  20000 
 4.13786  2.99197  20000 
 4.14271  3.03213  20000 
 4.14757  3.07229  20000 
 4.15244  3.11245  20000 
 4.15732  3.15261  20000 
 4.16222  3.19277  20000 
 4.16714  3.23293  20000 
 4.17207  3.27309  20000 
 4.17701  3.31325  20000 
 4.18197  3.35341  20000 
 4.18694  3.39357  20000 
 4.19192  3.43365  20000 
 4.19653  3.4739  20000 
 4.20114  3.51406  20000 
 4.20576  3.55422  20000 
 4.2104  3.59438  20000 
 4.21505  3.63454  20000 
 4.21971  3.6747  20000 
 4.22438  3.71486  20000 
 4.22907  3.75502  20000 
 4.23377  3.79518  20000 
 4.23849  3.83534  20000 
 4.24321  3.8755  20000 
 4.24796  3.91566  20000 
 4.25271  3.95582  20000 
 4.25748  3.99598  20000 
 4.26226  4.03614  20000 
 4.26706  4.07631  20000 
 4.27187  4.11647  20000 
 4.27669  4.15663  20000 
 4.28153  4.19679  20000 
 4.28638  4.23695  20000 
 4.29125  4.27711  20000 
 4.29293  4.29095  20000 
 4.29587  4.31727  20000 
 4.30037  4.35743  20000 
 4.30488  4.39759  20000 
 4.3094  4.43775  20000 
 4.31393  4.47791  20000 
 4.31848  4.51807  20000 
 4.32303  4.55823  20000 
 4.32761  4.59839  20000 
 4.33219  4.63855  20000 
 4.33679  4.67871  20000 
 4.3414  4.71888  20000 
 4.34602  4.75904  20000 
 4.35065  4.7992  20000 
 4.3553  4.83936  20000 
 4.35997  4.87952  20000 
 4.36464  4.91968  20000 
 4.36933  4.95984  20000 
 4.37404  5  20000 

# Contour 29, label: 
 3.58586 -1.28138  20000 
 3.58805 -1.26506  20000 
 3.59344 -1.2249  20000 
 3.59885 -1.18474  20000 
 3.60427 -1.14458  20000 
 3.60971 -1.10442  20000 
 3.61517 -1.06426  20000 
 3.62064 -1.0241  20000 
 3.62612 -0.983936  20000 
 3.63162 -0.943775  20000 
 3.63713 -0.903614  20000 
 3.64266 -0.863454  20000 
 3.64821 -0.823293  20000 
 3.65377 -0.783133  20000 
 3.65935 -0.742972  20000 
 3.66495 -0.702811  20000 
 3.67056 -0.662651  20000 
 3.67619 -0.62249  20000 
 3.68183 -0.582329  20000 
 3.68687 -0.546577  20000 
 3.68744 -0.542169  20000 
 3.69268 -0.502008  20000 
 3.69794 -0.461847  20000 
 3.70321 -0.421687  20000 
 3.70849 -0.381526  20000 
 3.71379 -0.341365  20000 
 3.7191 -0.301205  20000 
 3.72443 -0.261044  20000 
 3.72977 -0.220884  20000 
 3.73513 -0.180723  20000 
 3.7405 -0.140562  20000 
 3.74589 -0.100402  20000 
 3.75129 -0.060241  20000 
 3.75671 -0.0200803  20000 
 3.76215  0.0200803  20000 
 3.7676  0.060241  20000 
 3.77306  0.100402  20000 
 3.77855  0.140562  20000 
 3.78405  0.180723  20000 
 3.78788  0.20865  20000 
 3.78943  0.220884  20000 
 3.79453  0.261044  20000 
 3.79965  0.301205  20000 
 3.80478  0.341365  20000 
 3.80992  0.381526  20000 
 3.81508  0.421687  20000 
 3.82025  0.461847  20000 
 3.82544  0.502008  20000 
 3.83064  0.542169  20000 
 3.83585  0.582329  20000 
 3.84108  0.62249  20000 
 3.84633  0.662651  20000 
 3.85159  0.702811  20000 
 3.85686  0.742972  20000 
 3.86216  0.783133  20000 
 3.86746  0.823293  20000 
 3.87278  0.863454  20000 
 3.87812  0.903614  20000 
 3.88347  0.943775  20000 
 3.88884  0.983936  20000 
 3.88889  0.984273  20000 
 3.89381  1.0241  20000 
 3.89879  1.06426  20000 
 3.90378  1.10442  20000 
 3.90878  1.14458  20000 
 3.9138  1.18474  20000 
 3.91883  1.2249  20000 
 3.92387  1.26506  20000 
 3.92893  1.30522  20000 
 3.93401  1.34538  20000 
 3.9391  1.38554  20000 
 3.9442  1.4257  20000 
 3.94931  1.46586  20000 
 3.95445  1.50602  20000 
 3.95959  1.54618  20000 
 3.96475  1.58635  20000 
 3.96993  1.62651  20000 
 3.97512  1.66667  20000 
 3.98033  1.70683  20000 
 3.98555  1.74699  20000 
 3.9899  1.78033  20000 
 3.99072  1.78715  20000 
 3.99556  1.82731  20000 
 4.00041  1.86747  20000 
 4.00527  1.90763  20000 
 4.01015  1.94779  20000 
 4.01504  1.98795  20000 
 4.01995  2.02811  20000 
 4.02486  2.06827  20000 
 4.0298  2.10843  20000 
 4.03474  2.14859  20000 
 4.0397  2.18876  20000 
 4.04467  2.22892  20000 
 4.04966  2.26908  20000 
 4.05466  2.30924  20000 
 4.05968  2.3494  20000 
 4.06471  2.38956  20000 
 4.06976  2.42972  20000 
 4.07482  2.46988  20000 

# Contour 30, label: 
 3.02241 -5  20000 
 3.02902 -4.95984  20000 
 3.03565 -4.91968  20000 
 3.0423 -4.87952  20000 
 3.04897 -4.83936  20000 
 3.05566 -4.7992  20000 
 3.06237 -4.75904  20000 
 3.06909 -4.71888  20000 
 3.07584 -4.67871  20000 
 3.08081 -4.64922  20000 
 3.08248 -4.63855  20000 
 3.08876 -4.59839  20000 
 3.09506 -4.55823  20000 
 3.10138 -4.51807  20000 
 3.10772 -4.47791  20000 
 3.11407 -4.43775  20000 
 3.12044 -4.39759  20000 
 3.12683 -4.35743  20000 
 3.13324 -4.31727  20000 
 3.13966 -4.27711  20000 
 3.14611 -4.23695  20000 
 3.15257 -4.19679  20000 
 3.15905 -4.15663  20000 
 3.16555 -4.11647  20000 
 3.17207 -4.07631  20000 
 3.17861 -4.03614  20000 
 3.18182 -4.01647  20000 
 3.18492 -3.99598  20000 
 3.19101 -3.95582  20000 
 3.19711 -3.91566  20000 
 3.20323 -3.8755  20000 
 3.20937 -3.83534  20000 
 3.21552 -3.79518  20000 
 3.2217 -3.75502  20000 
 3.22789 -3.71486  20000 
 3.23409 -3.6747  20000 
 3.24032 -3.63454  20000 
 3.24656 -3.59438  20000 
 3.25282 -3.55422  20000 
 3.2591 -3.51406  20000 
 3.2654 -3.4739  20000 
 3.27171 -3.43373  20000 
 3.27805 -3.39357  20000 
 3.28283 -3.36332  20000 
 3.28428 -3.35341  20000 
 3.29018 -3.31325  20000 
 3.29609 -3.27309  20000 
 3.30201 -3.23293  20000 
 3.30796 -3.19277  20000 
 3.31392 -3.15261  20000 
 3.31989 -3.11245  20000 
 3.32589 -3.07229  20000 
 3.3319 -3.03213  20000 
 3.33792 -2.99197  20000 
 3.34397 -2.95181  20000 
 3.35003 -2.91165  20000 
 3.35611 -2.87149  20000 
 3.3622 -2.83133  20000 
 3.36832 -2.79116  20000 
 3.37445 -2.751  20000 
 3.3806 -2.71084  20000 
 3.38384 -2.68975  20000 
 3.38655 -2.67068  20000 
 3.39227 -2.63052  20000 
 3.39801 -2.59036  20000 
 3.40376 -2.5502  20000 
 3.40953 -2.51004  20000 
 3.41531 -2.46988  20000 
 3.42111 -2.42972  20000 
 3.42693 -2.38956  20000 
 3.43276 -2.3494  20000 
 3.43861 -2.30924  20000 
 3.44448 -2.26908  20000 
 3.45036 -2.22892  20000 
 3.45626 -2.18876  20000 
 3.46218 -2.14859  20000 
 3.46811 -2.10843  20000 
 3.47406 -2.06827  20000 
 3.48003 -2.02811  20000 
 3.48485 -1.99577  20000 
 3.48593 -1.98795  20000 
 3.49148 -1.94779  20000 
 3.49704 -1.90763  20000 
 3.50262 -1.86747  20000 
 3.50822 -1.82731  20000 
 3.51383 -1.78715  20000 
 3.51945 -1.74699  20000 
 3.52509 -1.70683  20000 
 3.53075 -1.66667  20000 
 3.53642 -1.62651  20000 
 3.54211 -1.58635  20000 
 3.54782 -1.54618  20000 
 3.55354 -1.50602  20000 
 3.55928 -1.46586  20000 
 3.56504 -1.4257  20000 
 3.57081 -1.38554  20000 
 3.5766 -1.34538  20000 
 3.5824 -1.30522  20000 
 3.58586 -1.28138  20000 

# Contour 31, label: 
-4.07409  2.46988  20000 
-4.07916  2.51004  20000 
-4.08425  2.5502  20000 
-4.08936  2.59036  20000 
-4.09091  2.60258  20000 
-4.09419  2.63052  20000 
-4.09891  2.67068  20000 
-4.10365  2.71084  20000 
-4.10839  2.751  20000 
-4.11316  2.79116  20000 
-4.11793  2.83133  20000 
-4.12272  2.87149  20000 
-4.12752  2.91165  20000 
-4.13233  2.95181  20000 
-4.13716  2.99197  20000 
-4.142  3.03213  20000 
-4.14686  3.07229  20000 
-4.15172  3.11245  20000 
-4.15661  3.15261  20000 
-4.16151  3.19277  20000 
-4.16642  3.23293  20000 
-4.17134  3.27309  20000 
-4.17628  3.31325  20000 
-4.18124  3.35341  20000 
-4.18621  3.39357  20000 
-4.19119  3.43373  20000 
-4.19192  3.43959  20000 
-4.19585  3.4739  20000 
-4.20046  3.51406  20000 
-4.20508  3.55422  20000 
-4.20971  3.59438  20000 
-4.21436  3.63454  20000 
-4.21902  3.6747  20000 
-4.22369  3.71486  20000 
-4.22837  3.75502  20000 
-4.23307  3.79518  20000 
-4.23778  3.83534  20000 
-4.24251  3.8755  20000 
-4.24725  3.91566  20000 
-4.252  3.95582  20000 
-4.25676  3.99598  20000 
-4.26154  4.03614  20000 
-4.26633  4.07631  20000 
-4.27114  4.11647  20000 
-4.27596  4.15663  20000 
-4.2808  4.19679  20000 
-4.28565  4.23695  20000 
-4.29051  4.27711  20000 
-4.29293  4.29703  20000 
-4.29519  4.31727  20000 
-4.29969  4.35743  20000 
-4.30419  4.39759  20000 
-4.30871  4.43775  20000 
-4.31324  4.47791  20000 
-4.31778  4.51807  20000 
-4.32234  4.55823  20000 
-4.32691  4.59839  20000 
-4.33149  4.63855  20000 
-4.33608  4.67871  20000 
-4.34069  4.71888  20000 
-4.34531  4.75904  20000 
-4.34994  4.7992  20000 
-4.35459  4.83936  20000 
-4.35925  4.87952  20000 
-4.36392  4.91968  20000 
-4.36861  4.95984  20000 
-4.37331  5  20000 

# Contour 32, label: 
-3.58586 -1.27631  20000 
-3.58737 -1.26506  20000 
-3.59276 -1.2249  20000 
-3.59816 -1.18474  20000 
-3.60358 -1.14458  20000 
-3.60902 -1.10442  20000 
-3.61447 -1.06426  20000 
-3.61994 -1.0241  20000 
-3.62542 -0.983936  20000 
-3.63091 -0.943775  20000 
-3.63643 -0.903614  20000 
-3.64195 -0.863454  20000 
-3.6475 -0.823293  20000 
-3.65306 -0.783133  20000 
-3.65863 -0.742972  20000 
-3.66422 -0.702811  20000 
-3.66983 -0.662651  20000 
-3.67546 -0.62249  20000 
-3.6811 -0.582329  20000 
-3.68676 -0.542169  20000 
-3.68687 -0.541365  20000 
-3.692 -0.502008  20000 
-3.69725 -0.461847  20000 
-3.70252 -0.421687  20000 
-3.7078 -0.381526  20000 
-3.7131 -0.341365  20000 
-3.7184 -0.301205  20000 
-3.72373 -0.261044  20000 
-3.72907 -0.220884  20000 
-3.73442 -0.180723  20000 
-3.73979 -0.140562  20000 
-3.74518 -0.100402  20000 
-3.75058 -0.060241  20000 
-3.75599 -0.0200803  20000 
-3.76143  0.0200803  20000 
-3.76687  0.060241  20000 
-3.77234  0.100402  20000 
-3.77782  0.140562  20000 
-3.78331  0.180723  20000 
-3.78788  0.214005  20000 
-3.78875  0.220884  20000 
-3.79385  0.261044  20000 
-3.79896  0.301205  20000 
-3.80409  0.341365  20000 
-3.80923  0.381526  20000 
-3.81438  0.421687  20000 
-3.81955  0.461847  20000 
-3.82474  0.502008  20000 
-3.82994  0.542169  20000 
-3.83515  0.582329  20000 
-3.84038  0.62249  20000 
-3.84562  0.662651  20000 
-3.85087  0.702811  20000 
-3.85615  0.742972  20000 
-3.86143  0.783133  20000 
-3.86674  0.823293  20000 
-3.87206  0.863454  20000 
-3.87739  0.903614  20000 
-3.88274  0.943775  20000 
-3.88811  0.983936  20000 
-3.88889  0.989781  20000 
-3.89313  1.0241  20000 
-3.8981  1.06426  20000 
-3.90309  1.10442  20000 
-3.90809  1.14458  20000 
-3.91311  1.18474  20000 
-3.91813  1.2249  20000 
-3.92318  1.26506  20000 
-3.92823  1.30522  20000 
-3.9333  1.34538  20000 
-3.93839  1.38554  20000 
-3.94349  1.4257  20000 
-3.9486  1.46586  20000 
-3.95373  1.50602  20000 
-3.95887  1.54618  20000 
-3.96403  1.58635  20000 
-3.96921  1.62651  20000 
-3.97439  1.66667  20000 
-3.9796  1.70683  20000 
-3.98482  1.74699  20000 
-3.9899  1.78597  20000 
-3.99004  1.78715  20000 
-3.99488  1.82731  20000 
-3.99972  1.86747  20000 
-4.00459  1.90763  20000 
-4.00946  1.94779  20000 
-4.01435  1.98795  20000 
-4.01925  2.02811  20000 
-4.02417  2.06827  20000 
-4.02909  2.10843  20000 
-4.03404  2.14859  20000 
-4.03899  2.18876  20000 
-4.04396  2.22892  20000 
-4.04895  2.26908  20000 
-4.05395  2.30924  20000 
-4.05896  2.3494  20000 
-4.06399  2.38956  20000 
-4.06903  2.42972  20000 
-4.07409  2.46988  20000 

# Contour 33, label: 
-3.02171 -5  20000 
-3.02832 -4.95984  20000 
-3.03494 -4.91968  20000 
-3.04159 -4.87952  20000 
-3.04825 -4.83936  20000 
-3.05494 -4.7992  20000 
-3.06164 -4.75904  20000 
-3.06837 -4.71888  20000 
-3.07511 -4.67871  20000 
-3.08081 -4.64486  20000 
-3.08179 -4.63855  20000 
-3.08807 -4.59839  20000 
-3.09437 -4.55823  20000 
-3.10069 -4.51807  20000 
-3.10702 -4.47791  20000 
-3.11337 -4.43775  20000 
-3.11974 -4.39759  20000 
-3.12613 -4.35743  20000 
-3.13253 -4.31727  20000 
-3.13895 -4.27711  20000 
-3.14539 -4.23695  20000 
-3.15185 -4.19679  20000 
-3.15833 -4.15663  20000 
-3.16483 -4.11647  20000 
-3.17134 -4.07631  20000 
-3.17788 -4.03614  20000 
-3.18182 -4.01197  20000 
-3.18424 -3.99598  20000 
-3.19032 -3.95582  20000 
-3.19642 -3.91566  20000 
-3.20254 -3.8755  20000 
-3.20867 -3.83534  20000 
-3.21483 -3.79518  20000 
-3.221 -3.75502  20000 
-3.22718 -3.71486  20000 
-3.23339 -3.6747  20000 
-3.23961 -3.63454  20000 
-3.24585 -3.59438  20000 
-3.2521 -3.55422  20000 
-3.25838 -3.51406  20000 
-3.26467 -3.4739  20000 
-3.27098 -3.43373  20000 
-3.27731 -3.39357  20000 
-3.28283 -3.35868  20000 
-3.2836 -3.35341  20000 
-3.28949 -3.31325  20000 
-3.2954 -3.27309  20000 
-3.30132 -3.23293  20000 
-3.30726 -3.19277  20000 
-3.31322 -3.15261  20000 
-3.31919 -3.11245  20000 
-3.32518 -3.07229  20000 
-3.33119 -3.03213  20000 
-3.33721 -2.99197  20000 
-3.34325 -2.95181  20000 
-3.34931 -2.91165  20000 
-3.35539 -2.87149  20000 
-3.36148 -2.83133  20000 
-3.36759 -2.79116  20000 
-3.37372 -2.751  20000 
-3.37987 -2.71084  20000 
-3.38384 -2.68496  20000 
-3.38587 -2.67068  20000 
-3.39159 -2.63052  20000 
-3.39732 -2.59036  20000 
-3.40307 -2.5502  20000 
-3.40883 -2.51004  20000 
-3.41461 -2.46988  20000 
-3.42041 -2.42972  20000 
-3.42622 -2.38956  20000 
-3.43205 -2.3494  20000 
-3.4379 -2.30924  20000 
-3.44376 -2.26908  20000 
-3.44964 -2.22892  20000 
-3.45554 -2.18876  20000 
-3.46145 -2.14859  20000 
-3.46738 -2.10843  20000 
-3.47333 -2.06827  20000 
-3.4793 -2.02811  20000 
-3.48485 -1.99085  20000 
-3.48525 -1.98795  20000 
-3.49079 -1.94779  20000 
-3.49636 -1.90763  20000 
-3.50193 -1.86747  20000 
-3.50752 -1.82731  20000 
-3.51313 -1.78715  20000 
-3.51875 -1.74699  20000 
-3.52439 -1.70683  20000 
-3.53005 -1.66667  20000 
-3.53572 -1.62651  20000 
-3.5414 -1.58635  20000 
-3.54711 -1.54618  20000 
-3.55282 -1.50602  20000 
-3.55856 -1.46586  20000 
-3.56431 -1.4257  20000 
-3.57008 -1.38554  20000 
-3.57587 -1.34538  20000 
-3.58167 -1.30522  20000 
-3.58586 -1.27631  20000 


# Contour 34, label:    1e+04
 3.51271  2.3494  10000 
 3.51831  2.38956  10000 
 3.52393  2.42972  10000 
 3.52957  2.46988  10000 
 3.53524  2.51004  10000 
 3.54092  2.5502  10000 
 3.54664  2.59036  10000 
 3.55237  2.63052  10000 
 3.55813  2.67068  10000 
 3.56391  2.71084  10000 
 3.56972  2.751  10000 
 3.57555  2.79116  10000 
 3.58141  2.83133  10000 
 3.58586  2.86174  10000 
 3.58715  2.87149  10000 
 3.59249  2.91165  10000 
 3.59785  2.95181  10000 
 3.60323  2.99197  10000 
 3.60863  3.03213  10000 
 3.61405  3.07229  10000 
 3.6195  3.11245  10000 
 3.62496  3.15261  10000 
 3.63045  3.19277  10000 
 3.63595  3.23293  10000 
 3.64148  3.27309  10000 
 3.64703  3.31325  10000 
 3.65261  3.35341  10000 
 3.65821  3.39357  10000 
 3.66383  3.43373  10000 
 3.66947  3.4739  10000 
 3.67514  3.51406  10000 
 3.68083  3.55422  10000 
 3.68655  3.59438  10000 
 3.68687  3.59662  10000 
 3.69176  3.63454  10000 
 3.69697  3.6747  10000 
 3.70219  3.71486  10000 
 3.70744  3.75502  10000 
 3.7127  3.79518  10000 
 3.71798  3.83534  10000 
 3.72329  3.8755  10000 
 3.72861  3.91566  10000 
 3.73396  3.95582  10000 
 3.73933  3.99598  10000 
 3.74472  4.03614  10000 
 3.75013  4.07631  10000 
 3.75556  4.11647  10000 
 3.76102  4.15663  10000 
 3.7665  4.19679  10000 
 3.772  4.23695  10000 
 3.77752  4.27711  10000 
 3.78307  4.31727  10000 
 3.78788  4.35192  10000 
 3.78857  4.35743  10000 
 3.79362  4.39759  10000 
 3.79868  4.43775  10000 
 3.80377  4.47791  10000 
 3.80887  4.51807  10000 
 3.81399  4.55823  10000 
 3.81914  4.59839  10000 
 3.8243  4.63855  10000 
 3.82948  4.67871  10000 
 3.83469  4.71888  10000 
 3.83991  4.75904  10000 
 3.84516  4.7992  10000 
 3.85043  4.83936  10000 
 3.85572  4.87952  10000 
 3.86103  4.91968  10000 
 3.86636  4.95984  10000 
 3.87172  5  10000 

# Contour 35, label: 
 2.94043 -1.34538  10000 
 2.94734 -1.30522  10000 
 2.95428 -1.26506  10000 
 2.96125 -1.2249  10000 
 2.96825 -1.18474  10000 
 2.97528 -1.14458  10000 
 2.9798 -1.11883  10000 
 2.98211 -1.10442  10000 
 2.98856 -1.06426  10000 
 2.99503 -1.0241  10000 
 3.00153 -0.983936  10000 
 3.00805 -0.943775  10000 
 3.0146 -0.903614  10000 
 3.02118 -0.863454  10000 
 3.02778 -0.823293  10000 
 3.0344 -0.783133  10000 
 3.04106 -0.742972  10000 
 3.04774 -0.702811  10000 
 3.05445 -0.662651  10000 
 3.06118 -0.62249  10000 
 3.06795 -0.582329  10000 
 3.07474 -0.542169  10000 
 3.08081 -0.506449  10000 
 3.0815 -0.502008  10000 
 3.08772 -0.461847  10000 
 3.09398 -0.421687  10000 
 3.10025 -0.381526  10000 
 3.10655 -0.341365  10000 
 3.11288 -0.301205  10000 
 3.11923 -0.261044  10000 
 3.1256 -0.220884  10000 
 3.132 -0.180723  10000 
 3.13843 -0.140562  10000 
 3.14488 -0.100402  10000 
 3.15136 -0.060241  10000 
 3.15787 -0.0200803  10000 
 3.1644  0.0200803  10000 
 3.17096  0.060241  10000 
 3.17755  0.100402  10000 
 3.18182  0.126366  10000 
 3.18395  0.140562  10000 
 3.18998  0.180723  10000 
 3.19604  0.220884  10000 
 3.20212  0.261044  10000 
 3.20822  0.301205  10000 
 3.21435  0.341365  10000 
 3.2205  0.381526  10000 
 3.22667  0.421687  10000 
 3.23287  0.461847  10000 
 3.2391  0.502008  10000 
 3.24535  0.542169  10000 
 3.25162  0.582329  10000 
 3.25793  0.62249  10000 
 3.26425  0.662651  10000 
 3.27061  0.702811  10000 
 3.27699  0.742972  10000 
 3.28283  0.779574  10000 
 3.28335  0.783133  10000 
 3.28918  0.823293  10000 
 3.29505  0.863454  10000 
 3.30093  0.903614  10000 
 3.30683  0.943775  10000 
 3.31276  0.983936  10000 
 3.31872  1.0241  10000 
 3.32469  1.06426  10000 
 3.33069  1.10442  10000 
 3.33671  1.14458  10000 
 3.34276  1.18474  10000 
 3.34883  1.2249  10000 
 3.35493  1.26506  10000 
 3.36105  1.30522  10000 
 3.3672  1.34538  10000 
 3.37338  1.38554  10000 
 3.37958  1.4257  10000 
 3.38384  1.45322  10000 
 3.38562  1.46586  10000 
 3.39129  1.50602  10000 
 3.39697  1.54618  10000 
 3.40268  1.58635  10000 
 3.40841  1.62651  10000 
 3.41417  1.66667  10000 
 3.41994  1.70683  10000 
 3.42574  1.74699  10000 
 3.43157  1.78715  10000 
 3.43741  1.82731  10000 
 3.44328  1.86747  10000 
 3.44917  1.90763  10000 
 3.45509  1.94779  10000 
 3.46103  1.98795  10000 
 3.467  2.02811  10000 
 3.47299  2.06827  10000 
 3.47901  2.10843  10000 
 3.48485  2.14726  10000 
 3.48503  2.14859  10000 
 3.49052  2.18876  10000 
 3.49604  2.22892  10000 
 3.50157  2.26908  10000 
 3.50713  2.30924  10000 
 3.51271  2.3494  10000 

# Contour 36, label: 
 2.23483 -5  10000 
 2.24394 -4.95984  10000 
 2.25308 -4.91968  10000 
 2.26226 -4.87952  10000 
 2.27147 -4.83936  10000 
 2.27273 -4.83389  10000 
 2.28003 -4.7992  10000 
 2.28852 -4.75904  10000 
 2.29704 -4.71888  10000 
 2.3056 -4.67871  10000 
 2.31418 -4.63855  10000 
 2.32281 -4.59839  10000 
 2.33146 -4.55823  10000 
 2.34015 -4.51807  10000 
 2.34888 -4.47791  10000 
 2.35764 -4.43775  10000 
 2.36644 -4.39759  10000 
 2.37374 -4.36442  10000 
 2.37515 -4.35743  10000 
 2.38325 -4.31727  10000 
 2.39138 -4.27711  10000 
 2.39955 -4.23695  10000 
 2.40775 -4.19679  10000 
 2.41598 -4.15663  10000 
 2.42425 -4.11647  10000 
 2.43254 -4.07631  10000 
 2.44087 -4.03614  10000 
 2.44924 -3.99598  10000 
 2.45764 -3.95582  10000 
 2.46607 -3.91566  10000 
 2.47454 -3.8755  10000 
 2.47475 -3.87454  10000 
 2.48233 -3.83534  10000 
 2.49012 -3.79518  10000 
 2.49795 -3.75502  10000 
 2.50581 -3.71486  10000 
 2.51369 -3.6747  10000 
 2.52161 -3.63454  10000 
 2.52956 -3.59438  10000 
 2.53755 -3.55422  10000 
 2.54556 -3.51406  10000 
 2.55361 -3.4739  10000 
 2.56169 -3.43373  10000 
 2.56981 -3.39357  10000 
 2.57576 -3.36422  10000 
 2.57776 -3.35341  10000 
 2.58523 -3.31325  10000 
 2.59273 -3.27309  10000 
 2.60026 -3.23293  10000 
 2.60781 -3.19277  10000 
 2.6154 -3.15261  10000 
 2.62301 -3.11245  10000 
 2.63066 -3.07229  10000 
 2.63833 -3.03213  10000 
 2.64604 -2.99197  10000 
 2.65378 -2.95181  10000 
 2.66155 -2.91165  10000 
 2.66936 -2.87149  10000 
 2.67677 -2.8335  10000 
 2.67716 -2.83133  10000 
 2.68434 -2.79116  10000 
 2.69154 -2.751  10000 
 2.69878 -2.71084  10000 
 2.70604 -2.67068  10000 
 2.71333 -2.63052  10000 
 2.72065 -2.59036  10000 
 2.728 -2.5502  10000 
 2.73537 -2.51004  10000 
 2.74278 -2.46988  10000 
 2.75022 -2.42972  10000 
 2.75769 -2.38956  10000 
 2.76519 -2.3494  10000 
 2.77272 -2.30924  10000 
 2.77778 -2.28235  10000 
 2.78006 -2.26908  10000 
 2.78699 -2.22892  10000 
 2.79393 -2.18876  10000 
 2.80091 -2.14859  10000 
 2.80791 -2.10843  10000 
 2.81494 -2.06827  10000 
 2.822 -2.02811  10000 
 2.82909 -1.98795  10000 
 2.8362 -1.94779  10000 
 2.84335 -1.90763  10000 
 2.85052 -1.86747  10000 
 2.85772 -1.82731  10000 
 2.86496 -1.78715  10000 
 2.87222 -1.74699  10000 
 2.87879 -1.71081  10000 
 2.87945 -1.70683  10000 
 2.88612 -1.66667  10000 
 2.89282 -1.62651  10000 
 2.89954 -1.58635  10000 
 2.90629 -1.54618  10000 
 2.91306 -1.50602  10000 
 2.91986 -1.46586  10000 
 2.92669 -1.4257  10000 
 2.93355 -1.38554  10000 
 2.94043 -1.34538  10000 

# Contour 37, label: 
-3.51173  2.3494  10000 
-3.51732  2.38956  10000 
-3.52294  2.42972  10000 
-3.52858  2.46988  10000 
-3.53424  2.51004  10000 
-3.53992  2.5502  10000 
-3.54563  2.59036  10000 
-3.55135  2.63052  10000 
-3.55711  2.67068  10000 
-3.56288  2.71084  10000 
-3.56869  2.751  10000 
-3.57451  2.79116  10000 
-3.58036  2.83133  10000 
-3.58586  2.86891  10000 
-3.5862  2.87149  10000 
-3.59154  2.91165  10000 
-3.59689  2.95181  10000 
-3.60226  2.99197  10000 
-3.60766  3.03213  10000 
-3.61308  3.07229  10000 
-3.61851  3.11245  10000 
-3.62397  3.15261  10000 
-3.62945  3.19277  10000 
-3.63495  3.23293  10000 
-3.64048  3.27309  10000 
-3.64602  3.31325  10000 
-3.65159  3.35341  10000 
-3.65718  3.39357  10000 
-3.6628  3.43373  10000 
-3.66844  3.4739  10000 
-3.6741  3.51406  10000 
-3.67979  3.55422  10000 
-3.6855  3.59438  10000 
-3.68687  3.604  10000 
-3.69081  3.63454  10000 
-3.69601  3.6747  10000 
-3.70123  3.71486  10000 
-3.70646  3.75502  10000 
-3.71172  3.79518  10000 
-3.717  3.83534  10000 
-3.7223  3.8755  10000 
-3.72762  3.91566  10000 
-3.73296  3.95582  10000 
-3.73832  3.99598  10000 
-3.74371  4.03614  10000 
-3.74911  4.07631  10000 
-3.75454  4.11647  10000 
-3.75999  4.15663  10000 
-3.76547  4.19679  10000 
-3.77096  4.23695  10000 
-3.77648  4.27711  10000 
-3.78203  4.31727  10000 
-3.78759  4.35743  10000 
-3.78788  4.3595  10000 
-3.79266  4.39759  10000 
-3.79772  4.43775  10000 
-3.8028  4.47791  10000 
-3.8079  4.51807  10000 
-3.81302  4.55823  10000 
-3.81816  4.59839  10000 
-3.82331  4.63855  10000 
-3.82849  4.67871  10000 
-3.83369  4.71888  10000 
-3.83891  4.75904  10000 
-3.84415  4.7992  10000 
-3.84941  4.83936  10000 
-3.8547  4.87952  10000 
-3.86  4.91968  10000 
-3.86533  4.95984  10000 
-3.87068  5  10000 

# Contour 38, label: 
-2.93942 -1.34538  10000 
-2.94633 -1.30522  10000 
-2.95326 -1.26506  10000 
-2.96022 -1.2249  10000 
-2.96721 -1.18474  10000 
-2.97424 -1.14458  10000 
-2.9798 -1.11287  10000 
-2.98115 -1.10442  10000 
-2.9876 -1.06426  10000 
-2.99406 -1.0241  10000 
-3.00055 -0.983936  10000 
-3.00707 -0.943775  10000 
-3.01362 -0.903614  10000 
-3.02018 -0.863454  10000 
-3.02678 -0.823293  10000 
-3.0334 -0.783133  10000 
-3.04005 -0.742972  10000 
-3.04672 -0.702811  10000 
-3.05343 -0.662651  10000 
-3.06016 -0.62249  10000 
-3.06691 -0.582329  10000 
-3.0737 -0.542169  10000 
-3.08052 -0.502008  10000 
-3.08081 -0.500288  10000 
-3.08677 -0.461847  10000 
-3.09301 -0.421687  10000 
-3.09928 -0.381526  10000 
-3.10558 -0.341365  10000 
-3.1119 -0.301205  10000 
-3.11824 -0.261044  10000 
-3.12461 -0.220884  10000 
-3.131 -0.180723  10000 
-3.13742 -0.140562  10000 
-3.14387 -0.100402  10000 
-3.15034 -0.060241  10000 
-3.15684 -0.0200803  10000 
-3.16337  0.0200803  10000 
-3.16992  0.060241  10000 
-3.1765  0.100402  10000 
-3.18182  0.132727  10000 
-3.18299  0.140562  10000 
-3.18902  0.180723  10000 
-3.19507  0.220884  10000 
-3.20115  0.261044  10000 
-3.20724  0.301205  10000 
-3.21336  0.341365  10000 
-3.21951  0.381526  10000 
-3.22568  0.421687  10000 
-3.23187  0.461847  10000 
-3.23809  0.502008  10000 
-3.24434  0.542169  10000 
-3.25061  0.582329  10000 
-3.2569  0.62249  10000 
-3.26322  0.662651  10000 
-3.26957  0.702811  10000 
-3.27595  0.742972  10000 
-3.28235  0.783133  10000 
-3.28283  0.786143  10000 
-3.28823  0.823293  10000 
-3.29408  0.863454  10000 
-3.29996  0.903614  10000 
-3.30586  0.943775  10000 
-3.31178  0.983936  10000 
-3.31773  1.0241  10000 
-3.3237  1.06426  10000 
-3.32969  1.10442  10000 
-3.33571  1.14458  10000 
-3.34175  1.18474  10000 
-3.34782  1.2249  10000 
-3.35391  1.26506  10000 
-3.36003  1.30522  10000 
-3.36617  1.34538  10000 
-3.37234  1.38554  10000 
-3.37853  1.4257  10000 
-3.38384  1.45999  10000 
-3.38467  1.46586  10000 
-3.39033  1.50602  10000 
-3.39601  1.54618  10000 
-3.40171  1.58635  10000 
-3.40744  1.62651  10000 
-3.41319  1.66667  10000 
-3.41896  1.70683  10000 
-3.42475  1.74699  10000 
-3.43057  1.78715  10000 
-3.43641  1.82731  10000 
-3.44227  1.86747  10000 
-3.44816  1.90763  10000 
-3.45407  1.94779  10000 
-3.46001  1.98795  10000 
-3.46597  2.02811  10000 
-3.47195  2.06827  10000 
-3.47796  2.10843  10000 
-3.484  2.14859  10000 
-3.48485  2.15424  10000 
-3.48957  2.18876  10000 
-3.49508  2.22892  10000 
-3.50061  2.26908  10000 
-3.50616  2.30924  10000 
-3.51173  2.3494  10000 

# Contour 39, label: 
-2.23382 -5  10000 
-2.24292 -4.95984  10000 
-2.25205 -4.91968  10000 
-2.26122 -4.87952  10000 
-2.27043 -4.83936  10000 
-2.27273 -4.82934  10000 
-2.27907 -4.7992  10000 
-2.28755 -4.75904  10000 
-2.29607 -4.71888  10000 
-2.30461 -4.67871  10000 
-2.31319 -4.63855  10000 
-2.32181 -4.59839  10000 
-2.33046 -4.55823  10000 
-2.33914 -4.51807  10000 
-2.34786 -4.47791  10000 
-2.35661 -4.43775  10000 
-2.3654 -4.39759  10000 
-2.37374 -4.35967  10000 
-2.37419 -4.35743  10000 
-2.38229 -4.31727  10000 
-2.39041 -4.27711  10000 
-2.39857 -4.23695  10000 
-2.40677 -4.19679  10000 
-2.41499 -4.15663  10000 
-2.42325 -4.11647  10000 
-2.43154 -4.07631  10000 
-2.43986 -4.03614  10000 
-2.44822 -3.99598  10000 
-2.45661 -3.95582  10000 
-2.46504 -3.91566  10000 
-2.4735 -3.8755  10000 
-2.47475 -3.86958  10000 
-2.48137 -3.83534  10000 
-2.48915 -3.79518  10000 
-2.49697 -3.75502  10000 
-2.50482 -3.71486  10000 
-2.5127 -3.6747  10000 
-2.52062 -3.63454  10000 
-2.52856 -3.59438  10000 
-2.53653 -3.55422  10000 
-2.54454 -3.51406  10000 
-2.55258 -3.4739  10000 
-2.56066 -3.43373  10000 
-2.56877 -3.39357  10000 
-2.57576 -3.35907  10000 
-2.57681 -3.35341  10000 
-2.58427 -3.31325  10000 
-2.59176 -3.27309  10000 
-2.59928 -3.23293  10000 
-2.60683 -3.19277  10000 
-2.61441 -3.15261  10000 
-2.62201 -3.11245  10000 
-2.62965 -3.07229  10000 
-2.63732 -3.03213  10000 
-2.64502 -2.99197  10000 
-2.65276 -2.95181  10000 
-2.66052 -2.91165  10000 
-2.66832 -2.87149  10000 
-2.67615 -2.83133  10000 
-2.67677 -2.82815  10000 
-2.68337 -2.79116  10000 
-2.69057 -2.751  10000 
-2.6978 -2.71084  10000 
-2.70506 -2.67068  10000 
-2.71234 -2.63052  10000 
-2.71965 -2.59036  10000 
-2.727 -2.5502  10000 
-2.73437 -2.51004  10000 
-2.74177 -2.46988  10000 
-2.7492 -2.42972  10000 
-2.75666 -2.38956  10000 
-2.76415 -2.3494  10000 
-2.77168 -2.30924  10000 
-2.77778 -2.2768  10000 
-2.77911 -2.26908  10000 
-2.78602 -2.22892  10000 
-2.79297 -2.18876  10000 
-2.79994 -2.14859  10000 
-2.80693 -2.10843  10000 
-2.81396 -2.06827  10000 
-2.82101 -2.02811  10000 
-2.82809 -1.98795  10000 
-2.8352 -1.94779  10000 
-2.84233 -1.90763  10000 
-2.8495 -1.86747  10000 
-2.8567 -1.82731  10000 
-2.86392 -1.78715  10000 
-2.87118 -1.74699  10000 
-2.87847 -1.70683  10000 
-2.87879 -1.70505  10000 
-2.88516 -1.66667  10000 
-2.89185 -1.62651  10000 
-2.89857 -1.58635  10000 
-2.90531 -1.54618  10000 
-2.91208 -1.50602  10000 
-2.91887 -1.46586  10000 
-2.92569 -1.4257  10000 
-2.93254 -1.38554  10000 
-2.93942 -1.34538  10000 

