#Iter:  x:      y:      fval:   size:
  00000      -4       3   16925     NaN
  00001   -3.85    3.15   13648 0.088192
  00002  -3.625   3.025   10254 0.13642
  00003 -3.4125  3.2625  7046.4 0.20327
  00004 -2.8563  3.1312  2541.9 0.33837
  00005 -2.1531  3.5406  129.92 0.54283
  00006 -1.5969  3.4094  80.595 0.54283
  00007 -1.5969  3.4094  80.595 0.33837
  00008 -1.5969  3.4094  80.595 0.26354
  00009 -1.8832  3.5129  8.4255 0.14272
  00010 -1.8832  3.5129  8.4255 0.14272
  00011 -1.8832  3.5129  8.4255 0.089991
  00012 -1.8832  3.5129  8.4255 0.070927
  00013 -1.8832  3.5129  8.4255 0.065296
  00014 -1.8499  3.4354  8.1394 0.063811
  00015 -1.8499  3.4354  8.1394 0.043674
  00016 -1.8499  3.4354  8.1394 0.041051
  00017 -1.8347  3.3389  8.1099 0.067264
  00018 -1.7815  3.1655   7.743 0.11544
  00019 -1.7815  3.1655   7.743 0.11544
  00020 -1.6521  2.6741  7.3409  0.2203
  00021 -1.6179  2.6214  6.8548 0.25496
  00022 -1.6179  2.6214  6.8548 0.25496
  00023 -1.3555  1.7788  5.8902  0.3618
  00024 -1.3555  1.7788  5.8902  0.3618
  00025 -1.2223  1.4276  5.3812  0.3618
  00026 -1.2223  1.4276  5.3812  0.2244
  00027 -1.2029  1.4889  5.0293 0.24146
  00028 -1.2029  1.4889  5.0293 0.24146
  00029 -0.91717 0.84793  3.6801 0.30015
  00030 -0.91717 0.84793  3.6801 0.28998
  00031 -0.91717 0.84793  3.6801 0.17204
  00032 -0.91717 0.84793  3.6801 0.17204
  00033 -0.74132 0.47087  3.6512 0.17204
  00034 -0.74105 0.58404  3.1529 0.17844
  00035 -0.74105 0.58404  3.1529 0.097779
  00036 -0.74105 0.58404  3.1529 0.068586
  00037 -0.59805 0.33072  2.6263 0.13454
  00038 -0.48222  0.2654   2.305 0.17347
  00039 -0.43967 0.15508  2.2188 0.098658
  00040 -0.18674 -0.030729  1.8387 0.17873
  00041 -0.18674 -0.030729  1.8387 0.14247
  00042 -0.14478 -0.022017  1.4952 0.14247
  00043 -0.14478 -0.022017  1.4952 0.072829
  00044 -0.14478 -0.022017  1.4952 0.072829
  00045 -0.013357 -0.054313  1.3238 0.10845
  00046 -0.013357 -0.054313  1.3238 0.072315
  00047 0.030388 -0.0079939  0.9481 0.086699
  00048 0.030388 -0.0079939  0.9481 0.048853
  00049 0.030388 -0.0079939  0.9481 0.044694
  00050 0.15581 0.024793 0.71269 0.077642
  00051 0.15581 0.024793 0.71269 0.077642
  00052 0.15581 0.024793 0.71269 0.044694
  00053 0.15581 0.024793 0.71269 0.029245
  00054 0.27748 0.042897  0.6383 0.055846
  00055 0.30497 0.088082 0.48549 0.070068
  00056 0.30497 0.088082 0.48549 0.039712
  00057 0.30497 0.088082 0.48549 0.038133
  00058 0.39687 0.15954 0.36418 0.068188
  00059 0.39687 0.15954 0.36418 0.068188
  00060 0.47833 0.20248 0.34137 0.038133
  00061 0.43098 0.19287 0.32886 0.038133
  00062 0.51244 0.23581 0.30943 0.038133
  00063 0.46509  0.2262 0.29591 0.038133
  00064 0.54655 0.26914 0.29309 0.038133
  00065  0.4992 0.25953 0.26146 0.038133
  00066 0.49398 0.24527 0.25621 0.025599
  00067 0.52157 0.26077 0.24159 0.01388
  00068 0.52157 0.26077 0.24159 0.013166
  00069 0.54962 0.28503 0.23194 0.022798
  00070 0.54962 0.28503 0.23194 0.017375
  00071 0.56061 0.30288 0.20606 0.02337
  00072 0.56061 0.30288 0.20606 0.013837
  00073 0.60102 0.34723 0.17878 0.025957
  00074 0.59664 0.35789 0.16306 0.029919
  00075 0.67528 0.45191 0.10712 0.059281
  00076 0.67528 0.45191 0.10712 0.059281
  00077 0.82597 0.65594 0.099411 0.11828
  00078 0.71076 0.50825  0.0846 0.10742
  00079 0.72182   0.517 0.079003 0.08527
  00080 0.77113 0.58428 0.063119 0.042926
  00081 0.77113 0.58428 0.063119 0.036475
  00082 0.77113 0.58428 0.063119 0.018914
  00083 0.77113 0.58428 0.063119 0.018914
  00084 0.79451 0.62132 0.052062 0.030729
  00085 0.79451 0.62132 0.052062 0.021814
  00086 0.82181 0.66126 0.051693 0.021814
  00087  0.8276 0.67543 0.038714 0.027076
  00088  0.8276 0.67543 0.038714 0.027076
  00089 0.88013 0.76369 0.026314 0.041979
  00090 0.85177 0.72795 0.022565 0.042127
  00091 0.94265  0.8866 0.0036879 0.077835
  00092 0.94265  0.8866 0.0036879 0.075452
  00093 0.94265  0.8866 0.0036879 0.055367
  00094 0.94265  0.8866 0.0036879 0.055367
  00095 0.99664 0.98771 0.0031196 0.055367
  00096 0.95367 0.91013 0.0021871 0.049078
  00097  1.0077  1.0112 0.0017622 0.049078
  00098  1.0077  1.0112 0.0017622 0.049078
  00099  1.0187  1.0348 0.001203 0.049078
  00100 0.98893 0.97834 0.0001353 0.026203
  00101 0.98893 0.97834 0.0001353 0.026203
  00102  1.0066  1.0124 9.4312e-05 0.016002
  00103 0.99885 0.99863 8.9273e-05 0.015756
  00104 0.99582 0.99194 2.5844e-05 0.0096611
  00105  1.0019  1.0039 3.8695e-06 0.0054849
  00106  1.0019  1.0039 3.8695e-06 0.0054767
  00107  1.0019  1.0039 3.8695e-06 0.0036967
  00108 0.99947 0.99882 1.6169e-06 0.003516
  00109 0.99941 0.99883 3.4849e-07 0.0026548
  00110 0.99941 0.99883 3.4849e-07 0.0013276
  00111  1.0003  1.0007 2.2236e-07 0.001198
  00112  1.0003  1.0006 9.2563e-08 0.00095689
  00113 0.99986 0.99974 2.5609e-08 0.00048237
  00114 0.99986 0.99974 2.5609e-08 0.00040661
  00115  1.0001  1.0002 1.4351e-08 0.00020972
  00116 0.99996 0.99991 8.9041e-09 0.00020532
  00117 0.99995 0.99989 3.0008e-09 0.00014808
  00118 0.99995 0.99989 3.0008e-09 7.4505e-05
