0 4.78897
0.1 4.67972
0.2 4.57381
0.3 4.47117
0.4 4.37167
0.5 4.27523
0.6 4.18176
0.7 4.09115
0.8 4.00333
0.9 3.9182
1 3.83569
1.1 3.75572
1.2 3.6782
1.3 3.60306
1.4 3.53023
1.5 3.45963
1.6 3.39121
1.7 3.32489
1.8 3.2606
1.9 3.19829
2 3.13789
2.1 3.07935
2.2 3.0226
2.3 2.9676
2.4 2.91429
2.5 2.86262
2.6 2.81253
2.7 2.76398
2.8 2.71692
2.9 2.67131
3 2.6271
3.1 2.58425
3.2 2.54271
3.3 2.50245
3.4 2.46342
3.5 2.4256
3.6 2.38893
3.7 2.3534
3.8 2.31895
3.9 2.28556
4 2.2532
4.1 2.22183
4.2 2.19143
4.3 2.16195
4.4 2.13339
4.5 2.1057
4.6 2.07886
4.7 2.05285
4.8 2.02763
4.9 2.00319
5 1.9795
5.1 1.95654
5.2 1.93429
5.3 1.91271
5.4 1.8918
5.5 1.87153
5.6 1.85189
5.7 1.83285
5.8 1.81439
5.9 1.7965
6 1.77916
6.1 1.76235
6.2 1.74606
6.3 1.73027
6.4 1.71496
6.5 1.70013
6.6 1.68575
6.7 1.67181
6.8 1.6583
6.9 1.6452
7 1.63251
7.1 1.6202
7.2 1.60828
7.3 1.59672
7.4 1.58551
7.5 1.57465
7.6 1.56413
7.7 1.55392
7.8 1.54404
7.9 1.53445
8 1.52516
8.1 1.51615
8.2 1.50742
8.3 1.49896
8.4 1.49076
8.5 1.48281
8.6 1.4751
8.7 1.46764
8.8 1.4604
8.9 1.45338
9 1.44658
9.1 1.43998
9.2 1.43359
9.3 1.4274
9.4 1.4214
9.5 1.41558
9.6 1.40994
9.7 1.40447
9.8 1.39917
9.9 1.39404
10 1.38906
