N      Pi
20000 3.1716
40000 3.1404
60000 3.141466667
80000 3.1391
100000 3.14288
120000 3.154433333
140000 3.137628571
160000 3.140225
180000 3.141088889
200000 3.14286
220000 3.147418182
240000 3.143016667
260000 3.137876923
280000 3.144571429
300000 3.14296
320000 3.1460875
340000 3.140870588
360000 3.143877778
380000 3.142494737
400000 3.14139
420000 3.142514286
440000 3.140372727
460000 3.145947826
480000 3.139166667
500000 3.143896
520000 3.139592308
540000 3.145696296
560000 3.145292857
580000 3.140724138
600000 3.139026667
620000 3.138909677
640000 3.1415
660000 3.140363636
680000 3.143805882
700000 3.14284
720000 3.142322222
740000 3.1416
760000 3.140689474
780000 3.143102564
800000 3.14103
820000 3.13902439
840000 3.138347619
860000 3.140790698
880000 3.140568182
900000 3.140786667
920000 3.143095652
940000 3.142268085
960000 3.1429
980000 3.140538776
1000000 3.142492
1020000 3.142364706
1040000 3.139334615
1060000 3.142358491
1080000 3.141237037
1100000 3.140047273
1120000 3.142528571
1140000 3.144031579
1160000 3.140265517
1180000 3.143210169
1200000 3.141593333
1220000 3.1424
1240000 3.140909677
1260000 3.140257143
1280000 3.141496875
1300000 3.143301538
1320000 3.140142424
1340000 3.141444776
1360000 3.139094118
1380000 3.143298551
1400000 3.1431
1420000 3.142126761
1440000 3.141552778
1460000 3.139189041
1480000 3.141381081
1500000 3.14104
1520000 3.141339474
1540000 3.141935065
1560000 3.141238462
1580000 3.140739241
1600000 3.1411075
1620000 3.14377037
1640000 3.143987805
1660000 3.141040964
1680000 3.143864286
1700000 3.143475294
1720000 3.142081395
1740000 3.141804598
1760000 3.142972727
1780000 3.140539326
1800000 3.141644444
1820000 3.141237363
1840000 3.141793478
1860000 3.140051613
1880000 3.142091489
1900000 3.140943158
1920000 3.14359375
1940000 3.143336082
1960000 3.143095918
1980000 3.14069899
2000000 3.140394
2020000 3.140740594
2040000 3.140203922
2060000 3.141702913
2080000 3.141075
2100000 3.140651429
2120000 3.142145283
2140000 3.142218692
2160000 3.14177037
2180000 3.139924771
2200000 3.140754545
2220000 3.142082883
2240000 3.1424875
2260000 3.141624779
2280000 3.140926316
2300000 3.1414
2320000 3.142481034
2340000 3.141468376
2360000 3.142491525
2380000 3.141505882
2400000 3.140296667
2420000 3.143186777
2440000 3.140557377
2460000 3.13843252
2480000 3.142572581
2500000 3.1407168
2520000 3.140688889
2540000 3.143146457
2560000 3.142529688
2580000 3.141755039
2600000 3.143092308
2620000 3.140677863
2640000 3.138628788
2660000 3.141314286
2680000 3.140652239
2700000 3.143857778
2720000 3.140111765
2740000 3.141128467
2760000 3.140573913
2780000 3.142680576
2800000 3.140922857
2820000 3.14098156
2840000 3.140359155
2860000 3.140061538
2880000 3.144026389
2900000 3.140877241
2920000 3.141442466
2940000 3.140948299
2960000 3.141936486
2980000 3.14162953
3000000 3.141226667
3020000 3.141953642
3040000 3.141380263
3060000 3.140739869
3080000 3.142051948
3100000 3.14172
3120000 3.140864103
3140000 3.140310828
3160000 3.141777215
3180000 3.141793711
3200000 3.1400075
3220000 3.141239752
3240000 3.140511111
3260000 3.142128834
3280000 3.141607317
3300000 3.143113939
3320000 3.140650602
3340000 3.140931737
3360000 3.140975
3380000 3.141533728
3400000 3.138802353
3420000 3.141237427
3440000 3.143188372
3460000 3.142872832
3480000 3.140898851
3500000 3.141882286
3520000 3.142422727
3540000 3.140676836
3560000 3.14041236
3580000 3.142159777
3600000 3.141102222
3620000 3.140990055
3640000 3.142438462
3660000 3.143052459
3680000 3.141995652
3700000 3.142458378
3720000 3.140980645
3740000 3.141750802
3760000 3.141420213
3780000 3.14086455
3800000 3.142578947
3820000 3.141353927
3840000 3.141770833
3860000 3.142284974
3880000 3.141675258
3900000 3.142510769
3920000 3.140385714
3940000 3.14091269
3960000 3.141774747
3980000 3.141255276
4000000 3.141662
4020000 3.142106468
4040000 3.141388119
4060000 3.142603941
4080000 3.14095098
4100000 3.14136
4120000 3.143136893
4140000 3.141863768
4160000 3.141819231
4180000 3.141205742
4200000 3.14194
4220000 3.141175355
4240000 3.141707547
4260000 3.141543662
4280000 3.142682243
4300000 3.14087814
4320000 3.142959259
4340000 3.141640553
4360000 3.142247706
4380000 3.141492237
4400000 3.13957
4420000 3.141159276
4440000 3.141127027
4460000 3.142343498
4480000 3.142338393
4500000 3.141028444
4520000 3.142573451
4540000 3.14172511
4560000 3.142199123
4580000 3.141024454
4600000 3.141556522
4620000 3.140709957
4640000 3.141260345
4660000 3.141166524
4680000 3.142496581
4700000 3.14213617
4720000 3.142545763
4740000 3.141397468
4760000 3.141661345
4780000 3.142821757
4800000 3.141409167
4820000 3.141929461
4840000 3.142872727
4860000 3.14302716
4880000 3.141009016
4900000 3.142626122
4920000 3.141752033
4940000 3.141037247
4960000 3.14228629
4980000 3.142381526
5000000 3.1408384
5020000 3.143094024
5040000 3.141268254
5060000 3.141033992
5080000 3.141243307
5100000 3.141669804
5120000 3.141803125
5140000 3.141835019
5160000 3.142322481
5180000 3.141677992
5200000 3.141504615
5220000 3.142391571
5240000 3.141508397
5260000 3.140228137
5280000 3.142040152
5300000 3.141060377
5320000 3.141609023
5340000 3.140872659
5360000 3.141889552
5380000 3.142497398
5400000 3.141331111
5420000 3.140926199
5440000 3.140849265
5460000 3.141225641
5480000 3.142030657
5500000 3.141079273
5520000 3.141193478
5540000 3.141376895
5560000 3.142106475
5580000 3.142637993
5600000 3.141953571
5620000 3.14172669
5640000 3.13888156
5660000 3.140848057
5680000 3.14238169
5700000 3.142630175
5720000 3.141746853
5740000 3.141264111
5760000 3.141608333
5780000 3.14326436
5800000 3.140708966
5820000 3.140614433
5840000 3.142738356
5860000 3.140813652
5880000 3.140709524
5900000 3.142282034
5920000 3.142193243
5940000 3.141954882
5960000 3.141358389
5980000 3.143238127
6000000 3.142431333
6020000 3.141100332
6040000 3.142015894
6060000 3.142344554
6080000 3.141730921
6100000 3.141817049
6120000 3.140776471
6140000 3.142744625
6160000 3.14267013
6180000 3.142093204
6200000 3.140925161
6220000 3.140551768
6240000 3.14103141
6260000 3.14183131
6280000 3.141194904
6300000 3.141422857
6320000 3.141367089
6340000 3.142300315
6360000 3.142038994
6380000 3.141524138
6400000 3.1422275
6420000 3.142679751
6440000 3.140403106
6460000 3.141224149
6480000 3.141367284
6500000 3.142394462
6520000 3.142282822
6540000 3.141552905
6560000 3.141243902
6580000 3.142295441
6600000 3.142925455
6620000 3.139723263
6640000 3.141454819
6660000 3.14053033
6680000 3.142088024
6700000 3.141628657
6720000 3.141366071
6740000 3.140982789
6760000 3.141546746
6780000 3.141476106
6800000 3.141783529
6820000 3.141208211
6840000 3.141081287
6860000 3.141926531
6880000 3.141446512
6900000 3.14240058
6920000 3.140546821
6940000 3.142035735
6960000 3.141314368
6980000 3.142093983
7000000 3.141381714
7020000 3.142242165
7040000 3.141214773
7060000 3.14185949
7080000 3.141319209
7100000 3.140948169
7120000 3.142164045
7140000 3.141496919
7160000 3.141383799
7180000 3.142359889
7200000 3.141779444
7220000 3.141027701
7240000 3.141292265
7260000 3.141240771
7280000 3.140965385
7300000 3.141249315
7320000 3.141560656
7340000 3.141438147
7360000 3.14068913
7380000 3.141647154
7400000 3.141083243
7420000 3.140970889
7440000 3.141669892
7460000 3.141430027
7480000 3.141167914
7500000 3.140506133
7520000 3.141289894
7540000 3.140598408
7560000 3.14135291
7580000 3.141918206
7600000 3.141544211
7620000 3.14172021
7640000 3.14111466
7660000 3.14265483
7680000 3.1419625
7700000 3.141076883
7720000 3.141005181
7740000 3.140981395
7760000 3.141516495
7780000 3.141481748
7800000 3.141295385
7820000 3.141076726
7840000 3.140207653
7860000 3.141263613
7880000 3.141822843
7900000 3.140835949
7920000 3.142300505
7940000 3.142696725
7960000 3.141936181
7980000 3.141941353
8000000 3.142073
8020000 3.141738653
8040000 3.142114925
8060000 3.142429777
8080000 3.141786634
8100000 3.141788642
8120000 3.142373399
8140000 3.141295332
8160000 3.140504412
8180000 3.141279707
8200000 3.141542439
8220000 3.142672506
8240000 3.140953883
8260000 3.141044068
8280000 3.14163285
8300000 3.141660241
8320000 3.14179375
8340000 3.141993285
8360000 3.141050718
8380000 3.141475895
8400000 3.141769524
8420000 3.140835629
8440000 3.140751659
8460000 3.141493144
8480000 3.14076934
8500000 3.141646588
8520000 3.141448826
8540000 3.141769555
8560000 3.14175514
8580000 3.142402331
8600000 3.141903721
8620000 3.141267749
8640000 3.141932407
8660000 3.141770901
8680000 3.14198894
8700000 3.140837701
8720000 3.142431193
8740000 3.142203661
8760000 3.141479909
8780000 3.141151708
8800000 3.141173182
8820000 3.142528345
8840000 3.141853394
8860000 3.140666366
8880000 3.141503153
8900000 3.141979326
8920000 3.141050224
8940000 3.142261298
8960000 3.141564732
8980000 3.141274833
9000000 3.142540444
9020000 3.141366741
9040000 3.141604425
9060000 3.141676821
9080000 3.141706167
9100000 3.142208791
9120000 3.141016667
9140000 3.141532166
9160000 3.141589083
9180000 3.141749891
9200000 3.141662609
9220000 3.140621692
9240000 3.141176623
9260000 3.140326566
9280000 3.14182931
9300000 3.141421075
9320000 3.14133133
9340000 3.141249679
9360000 3.141704274
9380000 3.14141919
9400000 3.14204
9420000 3.141533758
9440000 3.141497458
9460000 3.142124736
9480000 3.140859072
9500000 3.141638316
9520000 3.142026891
9540000 3.141192872
9560000 3.14153431
9580000 3.141716075
9600000 3.142264167
9620000 3.141707692
9640000 3.142063485
9660000 3.142016563
9680000 3.141628926
9700000 3.142078763
9720000 3.141364609
9740000 3.141306366
9760000 3.141453279
9780000 3.142528834
9800000 3.141864082
9820000 3.140550305
9840000 3.141605691
9860000 3.142028803
9880000 3.141648583
9900000 3.141736162
9920000 3.141391532
9940000 3.141907042
9960000 3.141055422
9980000 3.142066934
10000000 3.1427208


20000 3.1456
40000 3.1437
60000 3.1454
80000 3.14845
100000 3.13372
120000 3.141533333
140000 3.139657143
160000 3.147525
180000 3.147133333
200000 3.13846
220000 3.140472727
240000 3.140033333
260000 3.142784615
280000 3.140757143
300000 3.140386667
320000 3.1455625
340000 3.142505882
360000 3.140255556
380000 3.138063158
400000 3.14558
420000 3.143809524
440000 3.143227273
460000 3.13693913
480000 3.137716667
500000 3.141176
520000 3.142207692
540000 3.142377778
560000 3.141521429
580000 3.142675862
600000 3.143426667
620000 3.141806452
640000 3.13989375
660000 3.142709091
680000 3.140476471
700000 3.141154286
720000 3.142572222
740000 3.146427027
760000 3.145205263
780000 3.143266667
800000 3.144165
820000 3.142804878
840000 3.143219048
860000 3.142288372
880000 3.141859091
900000 3.145066667
920000 3.14173913
940000 3.144093617
960000 3.1387125
980000 3.14077551
1000000 3.141708
1020000 3.143764706
1040000 3.145638462
1060000 3.142641509
1080000 3.144011111
1100000 3.143854545
1120000 3.141760714
1140000 3.141663158
1160000 3.141686207
1180000 3.141749153
1200000 3.139853333
1220000 3.14027541
1240000 3.143635484
1260000 3.142638095
1280000 3.1395375
1300000 3.141821538
1320000 3.14020303
1340000 3.140158209
1360000 3.141370588
1380000 3.141605797
1400000 3.142042857
1420000 3.141647887
1440000 3.143647222
1460000 3.143408219
1480000 3.142278378
1500000 3.139698667
1520000 3.139244737
1540000 3.143348052
1560000 3.141920513
1580000 3.142503797
1600000 3.1407
1620000 3.141074074
1640000 3.140721951
1660000 3.140751807
1680000 3.141107143
1700000 3.142715294
1720000 3.142667442
1740000 3.141754023
1760000 3.139975
1780000 3.141539326
1800000 3.142195556
1820000 3.142250549
1840000 3.140913043
1860000 3.142524731
1880000 3.142134043
1900000 3.141437895
1920000 3.142422917
1940000 3.140210309
1960000 3.142642857
1980000 3.141870707
2000000 3.143088
2020000 3.140788119
2040000 3.1408
2060000 3.141015534
2080000 3.142844231
2100000 3.141634286
2120000 3.140867925
2140000 3.140586916
2160000 3.142598148
2180000 3.142776147
2200000 3.143123636
2220000 3.141165766
2240000 3.140789286
2260000 3.141129204
2280000 3.142592982
2300000 3.142412174
2320000 3.140617241
2340000 3.140235897
2360000 3.143
2380000 3.14192605
2400000 3.141621667
2420000 3.140515702
2440000 3.142132787
2460000 3.141653659
2480000 3.140987097
2500000 3.1409568
2520000 3.142490476
2540000 3.142825197
2560000 3.14065625
2580000 3.141755039
2600000 3.140290769
2620000 3.1418
2640000 3.14400303
2660000 3.143640602
2680000 3.142155224
2700000 3.141608889
2720000 3.141039706
2740000 3.14190219
2760000 3.142884058
2780000 3.140494964
2800000 3.140391429
2820000 3.143431206
2840000 3.142311268
2860000 3.139945455
2880000 3.143390278
2900000 3.141390345
2920000 3.142557534
2940000 3.14195102
2960000 3.142986486
2980000 3.141613423
3000000 3.142758667
3020000 3.142019868
3040000 3.142497368
3060000 3.141552941
3080000 3.140576623
3100000 3.140552258
3120000 3.143078205
3140000 3.141690446
3160000 3.139965823
3180000 3.143539623
3200000 3.14094625
3220000 3.140954037
3240000 3.141616049
3260000 3.142152147
3280000 3.141468293
3300000 3.140112727
3320000 3.142172289
3340000 3.140832335
3360000 3.142854762
3380000 3.142097041
3400000 3.141717647
3420000 3.141919298
3440000 3.140933721
3460000 3.141033526
3480000 3.141074713
3500000 3.142128
3520000 3.142597727
3540000 3.141029379
3560000 3.143159551
3580000 3.140273743
3600000 3.139467778
3620000 3.140756906
3640000 3.141325275
3660000 3.141646995
3680000 3.141573913
3700000 3.141262703
3720000 3.140944086
3740000 3.138548663
3760000 3.142378723
3780000 3.141849735
3800000 3.141118947
3820000 3.140671204
3840000 3.14181875
3860000 3.141540933
3880000 3.142034021
3900000 3.141104615
3920000 3.141244898
3940000 3.141424365
3960000 3.141530303
3980000 3.141506533
4000000 3.142152
4020000 3.1403801
4040000 3.141479208
4060000 3.140232512
4080000 3.140637255
4100000 3.140236098
4120000 3.142403883
4140000 3.142446377
4160000 3.141175962
4180000 3.141111962
4200000 3.141005714
4220000 3.141806635
4240000 3.142480189
4260000 3.140021596
4280000 3.141657944
4300000 3.140534884
4320000 3.141719444
4340000 3.140889401
4360000 3.142604587
4380000 3.14123105
4400000 3.142258182
4420000 3.141628054
4440000 3.141573874
4460000 3.14184843
4480000 3.141070536
4500000 3.141773333
4520000 3.142459292
4540000 3.139847577
4560000 3.142977193
4580000 3.140848908
4600000 3.142362609
4620000 3.140671861
4640000 3.142200862
4660000 3.142713305
4680000 3.141473504
4700000 3.141314043
4720000 3.143191525
4740000 3.141133333
4760000 3.140662185
4780000 3.141677824
4800000 3.140305
4820000 3.140843983
4840000 3.140398347
4860000 3.141539918
4880000 3.14087377
4900000 3.141871837
4920000 3.141957724
4940000 3.140863158
4960000 3.139990323
4980000 3.142345382
5000000 3.1417128
5020000 3.141611952
5040000 3.141238095
5060000 3.141785771
5080000 3.140444882
5100000 3.141357647
5120000 3.141023437
5140000 3.141698833
5160000 3.140779845
5180000 3.142467181
5200000 3.143113846
5220000 3.1416659
5240000 3.142096947
5260000 3.141606084
5280000 3.141684091
5300000 3.141637736
5320000 3.142629323
5340000 3.141660674
5360000 3.140518657
5380000 3.141373978
5400000 3.143308889
5420000 3.141882657
5440000 3.14015
5460000 3.142216117
5480000 3.14189854
5500000 3.141565818
5520000 3.142575362
5540000 3.142468592
5560000 3.141388489
5580000 3.140182796
5600000 3.141892857
5620000 3.140949466
5640000 3.14038227
5660000 3.140473498
5680000 3.141042254
5700000 3.141651228
5720000 3.142012587
5740000 3.141714983
5760000 3.142752083
5780000 3.141338408
5800000 3.141817931
5820000 3.141505155
5840000 3.140978082
5860000 3.14214471
5880000 3.14187415
5900000 3.141450169
5920000 3.142043919
5940000 3.141326599
5960000 3.141379195
5980000 3.142450836
6000000 3.141658667
6020000 3.141223256
6040000 3.142043709
6060000 3.142460726
6080000 3.141432237
6100000 3.141863607
6120000 3.141653595
6140000 3.142801303
6160000 3.142555195
6180000 3.141420712
6200000 3.142027097
6220000 3.140709968
6240000 3.140921154
6260000 3.141516933
6280000 3.141052229
6300000 3.141466032
6320000 3.141177215
6340000 3.142291483
6360000 3.141163522
6380000 3.142366144
6400000 3.14201375
6420000 3.142107165
6440000 3.140480745
6460000 3.142895356
6480000 3.141219753
6500000 3.141376
6520000 3.141203067
6540000 3.142476453
6560000 3.141189024
6580000 3.142500912
6600000 3.142083636
6620000 3.141746828
6640000 3.141124699
6660000 3.142060661
6680000 3.141077844
6700000 3.141579701
6720000 3.140892857
6740000 3.141350742
6760000 3.141829586
6780000 3.142099705
6800000 3.140866471
6820000 3.141794135
6840000 3.141520468
6860000 3.142997668
6880000 3.142384884
6900000 3.141248696
6920000 3.141124855
6940000 3.142721614
6960000 3.141447126
6980000 3.140797135
7000000 3.140344571
7020000 3.1414849
7040000 3.141210227
7060000 3.141871388
7080000 3.140941243
7100000 3.141696901
7120000 3.141682584
7140000 3.141264986
7160000 3.141728492
7180000 3.142334262
7200000 3.141473333
7220000 3.141224931
7240000 3.140275138
7260000 3.141283747
7280000 3.141697802
7300000 3.141646027
7320000 3.141114208
7340000 3.14139891
7360000 3.140675
7380000 3.141792412
7400000 3.141292973
7420000 3.142644205
7440000 3.141830645
7460000 3.141145308
7480000 3.141418717
7500000 3.140771733
7520000 3.142243085
7540000 3.141842971
7560000 3.141803704
7580000 3.141784697
7600000 3.141011053
7620000 3.141301312
7640000 3.141396335
7660000 3.141325326
7680000 3.140811979
7700000 3.141482597
7720000 3.14172487
7740000 3.142637726
7760000 3.141437629
7780000 3.1400509
7800000 3.140618462
7820000 3.141208184
7840000 3.141264796
7860000 3.142497201
7880000 3.141324365
7900000 3.142718987
7920000 3.14219697
7940000 3.140876071
7960000 3.141932663
7980000 3.140929323
8000000 3.141392
8020000 3.141174564
8040000 3.14198607
8060000 3.141972705
8080000 3.14165198
8100000 3.142019259
8120000 3.141306404
8140000 3.141903686
8160000 3.141770588
8180000 3.1420489
8200000 3.141656098
8220000 3.140948418
8240000 3.141176214
8260000 3.141350121
8280000 3.141653623
8300000 3.141866024
8320000 3.141429327
8340000 3.141253717
8360000 3.141815311
8380000 3.142298807
8400000 3.141154286
8420000 3.14183753
8440000 3.14177346
8460000 3.141721513
8480000 3.141770283
8500000 3.141084706
8520000 3.141276056
8540000 3.141998595
8560000 3.142325234
8580000 3.140970629
8600000 3.141507442
8620000 3.140935035
8640000 3.14136713
8660000 3.140337644
8680000 3.141245161
8700000 3.14099954
8720000 3.141620642
8740000 3.14249016
8760000 3.141343836
8780000 3.14088246
8800000 3.142327727
8820000 3.141376871
8840000 3.141333484
8860000 3.141341309
8880000 3.141754505
8900000 3.141172584
8920000 3.141427354
8940000 3.141932886
8960000 3.1417125
8980000 3.142366592
9000000 3.141593778
9020000 3.142235477
9040000 3.141336283
9060000 3.141960265
9080000 3.14164141
9100000 3.141981099
9120000 3.141417105
9140000 3.141329103
9160000 3.141644978
9180000 3.141975599
9200000 3.140527391
9220000 3.141377874
9240000 3.141985714
9260000 3.141163283
9280000 3.142414224
9300000 3.142510108
9320000 3.141800858
9340000 3.141597002
9360000 3.141532479
9380000 3.141246055
9400000 3.140548085
9420000 3.142004671
9440000 3.142101695
9460000 3.141824524
9480000 3.142283122
9500000 3.140846737
9520000 3.141292017
9540000 3.142797484
9560000 3.1406159
9580000 3.142502296
9600000 3.14208
9620000 3.141310603
9640000 3.1425
9660000 3.141992133
9680000 3.141809917
9700000 3.141199588
9720000 3.141212757
9740000 3.140836961
9760000 3.141777459
9780000 3.142593865
9800000 3.141889388
9820000 3.142252546
9840000 3.141473577
9860000 3.14065071
9880000 3.141012551
9900000 3.142084444
9920000 3.141689919
9940000 3.141619718
9960000 3.142318474
9980000 3.141573146
10000000 3.141804
