0 0 6.28319 0
0 -nan 6.28319 -3.89817e-17

0 0 2.0944 0
0 -nan 2.0944 0.413497

0 0 0.698132 0
0 -nan 0.698132 0.920725

0 0 0.232711 0
0 -nan 0.232711 0.990999

0 0 0.0775702 0
0 -nan 0.0775702 0.998997

0 0 0.0258567 0
0 -nan 0.0258567 0.999889

0.0258567 0 0.0517135 0
0.0258567 0.999889 0.0517135 0.999554

0.0517135 0 0.0775702 0
0.0517135 0.999554 0.0775702 0.998997

0.0775702 0 0.15514 0
0.0775702 0.998997 0.15514 0.995993

0.0775702 0 0.103427 0
0.0775702 0.998997 0.103427 0.998218

0.103427 0 0.129284 0
0.103427 0.998218 0.129284 0.997217

0.129284 0 0.15514 0
0.129284 0.997217 0.15514 0.995993

0.15514 0 0.232711 0
0.15514 0.995993 0.232711 0.990999

0.15514 0 0.180997 0
0.15514 0.995993 0.180997 0.994549

0.180997 0 0.206854 0
0.180997 0.994549 0.206854 0.992884

0.206854 0 0.232711 0
0.206854 0.992884 0.232711 0.990999

0.232711 0 0.465421 0
0.232711 0.990999 0.465421 0.964286

0.232711 0 0.310281 0
0.232711 0.990999 0.310281 0.984031

0.232711 0 0.258567 0
0.232711 0.990999 0.258567 0.988894

0.258567 0 0.284424 0
0.258567 0.988894 0.284424 0.986572

0.284424 0 0.310281 0
0.284424 0.986572 0.310281 0.984031

0.310281 0 0.387851 0
0.310281 0.984031 0.387851 0.975117

0.310281 0 0.336137 0
0.310281 0.984031 0.336137 0.981275

0.336137 0 0.361994 0
0.336137 0.981275 0.361994 0.978303

0.361994 0 0.387851 0
0.361994 0.978303 0.387851 0.975117

0.387851 0 0.465421 0
0.387851 0.975117 0.465421 0.964286

0.387851 0 0.413708 0
0.387851 0.975117 0.413708 0.971717

0.413708 0 0.439564 0
0.413708 0.971717 0.439564 0.968107

0.439564 0 0.465421 0
0.439564 0.968107 0.465421 0.964286

0.465421 0 0.698132 0
0.465421 0.964286 0.698132 0.920725

0.465421 0 0.542991 0
0.465421 0.964286 0.542991 0.951579

0.465421 0 0.491278 0
0.465421 0.964286 0.491278 0.960257

0.491278 0 0.517135 0
0.491278 0.960257 0.517135 0.956021

0.517135 0 0.542991 0
0.517135 0.956021 0.542991 0.951579

0.542991 0 0.620562 0
0.542991 0.951579 0.620562 0.937042

0.542991 0 0.568848 0
0.542991 0.951579 0.568848 0.946935

0.568848 0 0.594705 0
0.568848 0.946935 0.594705 0.942088

0.594705 0 0.620562 0
0.594705 0.942088 0.620562 0.937042

0.620562 0 0.698132 0
0.620562 0.937042 0.698132 0.920725

0.620562 0 0.646418 0
0.620562 0.937042 0.646418 0.931798

0.646418 0 0.672275 0
0.646418 0.931798 0.672275 0.926358

0.672275 0 0.698132 0
0.672275 0.926358 0.698132 0.920725

0.698132 0 1.39626 0
0.698132 0.920725 1.39626 0.705317

0.698132 0 0.930842 0
0.698132 0.920725 0.930842 0.861718

0.698132 0 0.775702 0
0.698132 0.920725 0.775702 0.902689

0.698132 0 0.723988 0
0.698132 0.920725 0.723988 0.914901

0.723988 0 0.749845 0
0.723988 0.914901 0.749845 0.908888

0.749845 0 0.775702 0
0.749845 0.908888 0.775702 0.902689

0.775702 0 0.853272 0
0.775702 0.902689 0.853272 0.882996

0.775702 0 0.801559 0
0.775702 0.902689 0.801559 0.896305

0.801559 0 0.827415 0
0.801559 0.896305 0.827415 0.88974

0.827415 0 0.853272 0
0.827415 0.88974 0.853272 0.882996

0.853272 0 0.930842 0
0.853272 0.882996 0.930842 0.861718

0.853272 0 0.879129 0
0.853272 0.882996 0.879129 0.876076

0.879129 0 0.904986 0
0.879129 0.876076 0.904986 0.868982

0.904986 0 0.930842 0
0.904986 0.868982 0.930842 0.861718

0.930842 0 1.16355 0
0.930842 0.861718 1.16355 0.789149

0.930842 0 1.00841 0
0.930842 0.861718 1.00841 0.838929

0.930842 0 0.956699 0
0.930842 0.861718 0.956699 0.854285

0.956699 0 0.982556 0
0.956699 0.854285 0.982556 0.846688

0.982556 0 1.00841 0
0.982556 0.846688 1.00841 0.838929

1.00841 0 1.08598 0
1.00841 0.838929 1.08598 0.814711

1.00841 0 1.03427 0
1.00841 0.838929 1.03427 0.831011

1.03427 0 1.06013 0
1.03427 0.831011 1.06013 0.822937

1.06013 0 1.08598 0
1.06013 0.822937 1.08598 0.814711

1.08598 0 1.16355 0
1.08598 0.814711 1.16355 0.789149

1.08598 0 1.11184 0
1.08598 0.814711 1.11184 0.806335

1.11184 0 1.1377 0
1.11184 0.806335 1.1377 0.797813

1.1377 0 1.16355 0
1.1377 0.797813 1.16355 0.789149

1.16355 0 1.39626 0
1.16355 0.789149 1.39626 0.705317

1.16355 0 1.24112 0
1.16355 0.789149 1.24112 0.762332

1.16355 0 1.18941 0
1.16355 0.789149 1.18941 0.780345

1.18941 0 1.21527 0
1.18941 0.780345 1.21527 0.771405

1.21527 0 1.24112 0
1.21527 0.771405 1.24112 0.762332

1.24112 0 1.31869 0
1.24112 0.762332 1.31869 0.734356

1.24112 0 1.26698 0
1.24112 0.762332 1.26698 0.753131

1.26698 0 1.29284 0
1.26698 0.753131 1.29284 0.743804

1.29284 0 1.31869 0
1.29284 0.743804 1.31869 0.734356

1.31869 0 1.39626 0
1.31869 0.734356 1.39626 0.705317

1.31869 0 1.34455 0
1.31869 0.734356 1.34455 0.724789

1.34455 0 1.37041 0
1.34455 0.724789 1.37041 0.715108

1.37041 0 1.39626 0
1.37041 0.715108 1.39626 0.705317

1.39626 0 2.0944 0
1.39626 0.705317 2.0944 0.413497

1.39626 0 1.62897 0
1.39626 0.705317 1.62897 0.612845

1.39626 0 1.47383 0
1.39626 0.705317 1.47383 0.675316

1.39626 0 1.42212 0
1.39626 0.705317 1.42212 0.695418

1.42212 0 1.44798 0
1.42212 0.695418 1.44798 0.685416

1.44798 0 1.47383 0
1.44798 0.685416 1.47383 0.675316

1.47383 0 1.5514 0
1.47383 0.675316 1.5514 0.644456

1.5514 0 1.62897 0
1.5514 0.644456 1.62897 0.612845

1.62897 0 1.86168 0
1.62897 0.612845 1.86168 0.514582

1.62897 0 1.70654 0
1.62897 0.612845 1.70654 0.580589

1.70654 0 1.78411 0
1.70654 0.580589 1.78411 0.547798

1.78411 0 1.86168 0
1.78411 0.547798 1.86168 0.514582

1.86168 0 2.0944 0
1.86168 0.514582 2.0944 0.413497

1.86168 0 1.93925 0
1.86168 0.514582 1.93925 0.481053

1.93925 0 2.01682 0
1.93925 0.481053 2.01682 0.447321

2.01682 0 2.0944 0
2.01682 0.447321 2.0944 0.413497

2.0944 0 4.18879 0
2.0944 0.413497 4.18879 -0.206748

2.0944 0 2.79253 0
2.0944 0.413497 2.79253 0.122477

2.0944 0 2.32711 0
2.0944 0.413497 2.32711 0.312566

2.0944 0 2.17197 0
2.0944 0.413497 2.17197 0.379691

2.17197 0 2.24954 0
2.17197 0.379691 2.24954 0.346011

2.24954 0 2.32711 0
2.24954 0.346011 2.32711 0.312566

2.32711 0 2.55982 0
2.32711 0.312566 2.55982 0.214667

2.32711 0 2.40468 0
2.32711 0.312566 2.40468 0.279459

2.40468 0 2.48225 0
2.40468 0.279459 2.48225 0.246793

2.48225 0 2.55982 0
2.48225 0.246793 2.55982 0.214667

2.55982 0 2.79253 0
2.55982 0.214667 2.79253 0.122477

2.55982 0 2.63739 0
2.55982 0.214667 2.63739 0.183179

2.63739 0 2.71496 0
2.63739 0.183179 2.71496 0.152419

2.63739 0 2.66324 0
2.63739 0.183179 2.66324 0.17284

2.66324 0 2.6891 0
2.66324 0.17284 2.6891 0.162586

2.6891 0 2.71496 0
2.6891 0.162586 2.71496 0.152419

2.71496 0 2.79253 0
2.71496 0.152419 2.79253 0.122477

2.71496 0 2.74081 0
2.71496 0.152419 2.74081 0.142343

2.74081 0 2.76667 0
2.74081 0.142343 2.76667 0.132361

2.76667 0 2.79253 0
2.76667 0.132361 2.79253 0.122477

2.79253 0 3.49066 0
2.79253 0.122477 3.49066 -0.0979816

2.79253 0 3.02524 0
2.79253 0.122477 3.02524 0.0383748

2.79253 0 2.8701 0
2.79253 0.122477 2.8701 0.0934368

2.79253 0 2.81838 0
2.79253 0.122477 2.81838 0.112693

2.81838 0 2.84424 0
2.81838 0.112693 2.84424 0.103012

2.84424 0 2.8701 0
2.84424 0.103012 2.8701 0.0934368

2.8701 0 2.94767 0
2.8701 0.0934368 2.94767 0.0653779

2.8701 0 2.89595 0
2.8701 0.0934368 2.89595 0.083971

2.89595 0 2.92181 0
2.89595 0.083971 2.92181 0.0746171

2.92181 0 2.94767 0
2.92181 0.0746171 2.94767 0.0653779

2.94767 0 3.02524 0
2.94767 0.0653779 3.02524 0.0383748

2.94767 0 2.97352 0
2.94767 0.0653779 2.97352 0.056256

2.97352 0 2.99938 0
2.97352 0.056256 2.99938 0.0472541

2.99938 0 3.02524 0
2.99938 0.0472541 3.02524 0.0383748

3.02524 0 3.25795 0
3.02524 0.0383748 3.25795 -0.0356338

3.02524 0 3.10281 0
3.02524 0.0383748 3.10281 0.0124969

3.02524 0 3.05109 0
3.02524 0.0383748 3.05109 0.0296205

3.05109 0 3.07695 0
3.05109 0.0296205 3.07695 0.0209938

3.07695 0 3.10281 0
3.07695 0.0209938 3.10281 0.0124969

3.10281 0 3.18038 0
3.10281 0.0124969 3.18038 -0.0121921

3.10281 0 3.12866 0
3.10281 0.0124969 3.12866 0.00413212

3.12866 0 3.15452 0
3.12866 0.00413212 3.15452 -0.00409825

3.15452 0 3.18038 0
3.15452 -0.00409825 3.18038 -0.0121921

3.18038 0 3.25795 0
3.18038 -0.0121921 3.25795 -0.0356338

3.18038 0 3.20623 0
3.18038 -0.0121921 3.20623 -0.0201473

3.20623 0 3.23209 0
3.20623 -0.0201473 3.23209 -0.0279618

3.23209 0 3.25795 0
3.23209 -0.0279618 3.25795 -0.0356338

3.25795 0 3.49066 0
3.25795 -0.0356338 3.49066 -0.0979816

3.25795 0 3.33552 0
3.25795 -0.0356338 3.33552 -0.0577758

3.25795 0 3.2838 0
3.25795 -0.0356338 3.2838 -0.0431613

3.2838 0 3.30966 0
3.2838 -0.0431613 3.30966 -0.0505425

3.30966 0 3.33552 0
3.30966 -0.0505425 3.33552 -0.0577758

3.33552 0 3.41309 0
3.33552 -0.0577758 3.41309 -0.0785718

3.33552 0 3.36137 0
3.33552 -0.0577758 3.36137 -0.0648595

3.36137 0 3.38723 0
3.36137 -0.0648595 3.38723 -0.071792

3.38723 0 3.41309 0
3.38723 -0.071792 3.41309 -0.0785718

3.41309 0 3.49066 0
3.41309 -0.0785718 3.49066 -0.0979816

3.41309 0 3.43895 0
3.41309 -0.0785718 3.43895 -0.0851976

3.43895 0 3.4648 0
3.43895 -0.0851976 3.4648 -0.0916679

3.4648 0 3.49066 0
3.4648 -0.0916679 3.49066 -0.0979816

3.49066 0 4.18879 0
3.49066 -0.0979816 4.18879 -0.206748

3.49066 0 3.72337 0
3.49066 -0.0979816 3.72337 -0.147584

3.49066 0 3.56823 0
3.49066 -0.0979816 3.56823 -0.115971

3.49066 0 3.51652 0
3.49066 -0.0979816 3.51652 -0.104137

3.51652 0 3.54237 0
3.51652 -0.104137 3.54237 -0.110134

3.54237 0 3.56823 0
3.54237 -0.110134 3.56823 -0.115971

3.56823 0 3.6458 0
3.56823 -0.115971 3.6458 -0.132512

3.56823 0 3.59409 0
3.56823 -0.115971 3.59409 -0.121647

3.59409 0 3.61994 0
3.59409 -0.121647 3.61994 -0.127161

3.61994 0 3.6458 0
3.61994 -0.127161 3.6458 -0.132512

3.6458 0 3.72337 0
3.6458 -0.132512 3.72337 -0.147584

3.6458 0 3.67166 0
3.6458 -0.132512 3.67166 -0.1377

3.67166 0 3.69751 0
3.67166 -0.1377 3.69751 -0.142724

3.69751 0 3.72337 0
3.69751 -0.142724 3.72337 -0.147584

3.72337 0 3.95608 0
3.72337 -0.147584 3.95608 -0.183862

3.72337 0 3.80094 0
3.72337 -0.147584 3.80094 -0.161171

3.72337 0 3.74923 0
3.72337 -0.147584 3.74923 -0.152278

3.74923 0 3.77508 0
3.74923 -0.152278 3.77508 -0.156807

3.77508 0 3.80094 0
3.77508 -0.156807 3.80094 -0.161171

3.80094 0 3.87851 0
3.80094 -0.161171 3.87851 -0.173264

3.80094 0 3.8268 0
3.80094 -0.161171 3.8268 -0.165368

3.8268 0 3.85265 0
3.8268 -0.165368 3.85265 -0.169399

3.85265 0 3.87851 0
3.85265 -0.169399 3.87851 -0.173264

3.87851 0 3.95608 0
3.87851 -0.173264 3.95608 -0.183862

3.87851 0 3.90437 0
3.87851 -0.173264 3.90437 -0.176963

3.90437 0 3.93022 0
3.90437 -0.176963 3.93022 -0.180496

3.93022 0 3.95608 0
3.93022 -0.180496 3.95608 -0.183862

3.95608 0 4.18879 0
3.95608 -0.183862 4.18879 -0.206748

3.95608 0 4.03365 0
3.95608 -0.183862 4.03365 -0.192968

3.95608 0 3.98194 0
3.95608 -0.183862 3.98194 -0.187063

3.98194 0 4.00779 0
3.98194 -0.187063 4.00779 -0.190098

4.00779 0 4.03365 0
4.00779 -0.190098 4.03365 -0.192968

4.03365 0 4.11122 0
4.03365 -0.192968 4.11122 -0.200591

4.03365 0 4.05951 0
4.03365 -0.192968 4.05951 -0.195673

4.05951 0 4.08536 0
4.05951 -0.195673 4.08536 -0.198214

4.08536 0 4.11122 0
4.08536 -0.198214 4.11122 -0.200591

4.11122 0 4.18879 0
4.11122 -0.200591 4.18879 -0.206748

4.11122 0 4.13708 0
4.11122 -0.200591 4.13708 -0.202806

4.13708 0 4.16293 0
4.13708 -0.202806 4.16293 -0.204858

4.16293 0 4.18879 0
4.16293 -0.204858 4.18879 -0.206748

4.18879 0 6.28319 0
4.18879 -0.206748 6.28319 -3.89817e-17

4.18879 0 4.88692 0
4.18879 -0.206748 4.88692 -0.201519

4.18879 0 4.4215 0
4.18879 -0.206748 4.4215 -0.216666

4.18879 0 4.26636 0
4.18879 -0.206748 4.26636 -0.211461

4.18879 0 4.21465 0
4.18879 -0.206748 4.21465 -0.208478

4.21465 0 4.2405 0
4.21465 -0.208478 4.2405 -0.210049

4.2405 0 4.26636 0
4.2405 -0.210049 4.26636 -0.211461

4.26636 0 4.34393 0
4.26636 -0.211461 4.34393 -0.214756

4.26636 0 4.29222 0
4.26636 -0.211461 4.29222 -0.212715

4.29222 0 4.31807 0
4.29222 -0.212715 4.31807 -0.213813

4.31807 0 4.34393 0
4.31807 -0.213813 4.34393 -0.214756

4.34393 0 4.4215 0
4.34393 -0.214756 4.4215 -0.216666

4.34393 0 4.36979 0
4.34393 -0.214756 4.36979 -0.215545

4.36979 0 4.39564 0
4.36979 -0.215545 4.39564 -0.216181

4.39564 0 4.4215 0
4.39564 -0.216181 4.4215 -0.216666

4.4215 0 4.65421 0
4.4215 -0.216666 4.65421 -0.214496

4.4215 0 4.49907 0
4.4215 -0.216666 4.49907 -0.21723

4.4215 0 4.44736 0
4.4215 -0.216666 4.44736 -0.217002

4.44736 0 4.47321 0
4.44736 -0.217002 4.47321 -0.217189

4.47321 0 4.49907 0
4.47321 -0.217189 4.49907 -0.21723

4.49907 0 4.57664 0
4.49907 -0.21723 4.57664 -0.216491

4.49907 0 4.52493 0
4.49907 -0.21723 4.52493 -0.217126

4.52493 0 4.55078 0
4.52493 -0.217126 4.55078 -0.216879

4.55078 0 4.57664 0
4.55078 -0.216879 4.57664 -0.216491

4.57664 0 4.65421 0
4.57664 -0.216491 4.65421 -0.214496

4.57664 0 4.6025 0
4.57664 -0.216491 4.6025 -0.215963

4.6025 0 4.62835 0
4.6025 -0.215963 4.62835 -0.215297

4.62835 0 4.65421 0
4.62835 -0.215297 4.65421 -0.214496

4.65421 0 4.88692 0
4.65421 -0.214496 4.88692 -0.201519

4.65421 0 4.73178 0
4.65421 -0.214496 4.73178 -0.211297

4.65421 0 4.68007 0
4.65421 -0.214496 4.68007 -0.213561

4.68007 0 4.70592 0
4.68007 -0.213561 4.70592 -0.212494

4.70592 0 4.73178 0
4.70592 -0.212494 4.73178 -0.211297

4.73178 0 4.80935 0
4.73178 -0.211297 4.80935 -0.206952

4.73178 0 4.75764 0
4.73178 -0.211297 4.75764 -0.209973

4.75764 0 4.78349 0
4.75764 -0.209973 4.78349 -0.208524

4.78349 0 4.80935 0
4.78349 -0.208524 4.80935 -0.206952

4.80935 0 4.88692 0
4.80935 -0.206952 4.88692 -0.201519

4.80935 0 4.83521 0
4.80935 -0.206952 4.83521 -0.205258

4.83521 0 4.86107 0
4.83521 -0.205258 4.86107 -0.203447

4.86107 0 4.88692 0
4.86107 -0.203447 4.88692 -0.201519

4.88692 0 5.58505 0
4.88692 -0.201519 5.58505 -0.115091

4.88692 0 5.11963 0
4.88692 -0.201519 5.11963 -0.179352

4.88692 0 4.96449 0
4.88692 -0.201519 4.96449 -0.195063

4.88692 0 4.91278 0
4.88692 -0.201519 4.91278 -0.199478

4.91278 0 4.93864 0
4.91278 -0.199478 4.93864 -0.197325

4.93864 0 4.96449 0
4.93864 -0.197325 4.96449 -0.195063

4.96449 0 5.04206 0
4.96449 -0.195063 5.04206 -0.187651

4.96449 0 4.99035 0
4.96449 -0.195063 4.99035 -0.192695

4.99035 0 5.01621 0
4.99035 -0.192695 5.01621 -0.190224

5.01621 0 5.04206 0
5.01621 -0.190224 5.04206 -0.187651

5.04206 0 5.11963 0
5.04206 -0.187651 5.11963 -0.179352

5.04206 0 5.06792 0
5.04206 -0.187651 5.06792 -0.18498

5.06792 0 5.09378 0
5.06792 -0.18498 5.09378 -0.182212

5.09378 0 5.11963 0
5.09378 -0.182212 5.11963 -0.179352

5.11963 0 5.35234 0
5.11963 -0.179352 5.35234 -0.149864

5.11963 0 5.1972 0
5.11963 -0.179352 5.1972 -0.170238

5.11963 0 5.14549 0
5.11963 -0.179352 5.14549 -0.176401

5.14549 0 5.17135 0
5.14549 -0.176401 5.17135 -0.173362

5.17135 0 5.1972 0
5.17135 -0.173362 5.1972 -0.170238

5.1972 0 5.27477 0
5.1972 -0.170238 5.27477 -0.160383

5.27477 0 5.35234 0
5.27477 -0.160383 5.35234 -0.149864

5.35234 0 5.58505 0
5.35234 -0.149864 5.58505 -0.115091

5.35234 0 5.42991 0
5.35234 -0.149864 5.42991 -0.138757

5.42991 0 5.50748 0
5.42991 -0.138757 5.50748 -0.127139

5.50748 0 5.58505 0
5.50748 -0.127139 5.58505 -0.115091

5.58505 0 6.28319 0
5.58505 -0.115091 6.28319 -3.89817e-17

5.58505 0 5.81776 0
5.58505 -0.115091 5.81776 -0.0771429

5.58505 0 5.66262 0
5.58505 -0.115091 5.66262 -0.10269

5.66262 0 5.74019 0
5.66262 -0.10269 5.74019 -0.0900143

5.74019 0 5.81776 0
5.74019 -0.0900143 5.81776 -0.0771429

5.81776 0 6.05047 0
5.81776 -0.0771429 6.05047 -0.0381153

6.05047 0 6.28319 0
6.05047 -0.0381153 6.28319 -3.89817e-17

6.05047 0 6.12804 0
6.05047 -0.0381153 6.12804 -0.025215

6.12804 0 6.20562 0
6.12804 -0.025215 6.20562 -0.0124875

6.20562 0 6.28319 0
6.20562 -0.0124875 6.28319 -3.89817e-17

